1         96    29.4203
1         95.8  29.0771
1         95.6  27.5121
1         95.4  25.1219
1         95.2  22.6021
1         95    20.5021
1         94.8  18.3021
1         94.6  14.8883
1         94.4  10.1073
1         94.2  4.58901
1         94    -1.1305
1         93.8  -6.1964
1         93.6  -10.0097
1         93.4  -11.9608
1         93.2  -12.0593
1         93    -10.8854
1         92.8  -8.85783
1         92.6  -6.80529
1         92.4  -5.61069
1         92.2  -6.22556
1         92    -8.52058
1         91.8  -10.9494
1         91.6  -12.449
1         91.4  -13.0826
1         91.2  -13.007
1         91    -12.7646
1         90.8  -12.6194
1         90.6  -12.3345
1         90.4  -11.9983
1         90.2  -11.7529
1         90    -11.6643
1         89.8  -11.7191
1         89.6  -11.8942
1         89.4  -12.0976
1         89.2  -12.2718
1         89    -12.4041
1         88.8  -12.4837
1         88.6  -12.5254
1         88.4  -12.5597
1         88.2  -12.5868
1         88    -12.5569
1         87.8  -12.4079
1         87.6  -12.0786
1         87.4  -11.5745
1         87.2  -10.9295
1         87    -10.2181
1         86.8  -9.49377
1         86.6  -8.72115
1         86.4  -7.91728
1         86.2  -7.14358
1         86    -6.45991
1         85.8  -5.92111
1         85.6  -5.48416
1         85.4  -5.08437
1         85.2  -4.62097
1         85    -4.03757
1         84.8  -3.34783
1         84.6  -2.64245
1         84.4  -2.00818
1         84.2  -1.51935
1         84    -1.10644
0.996453  96    29.4203
0.996453  95.8  29.0771
0.996453  95.6  27.5121
0.996453  95.4  25.1219
0.996453  95.2  22.6021
0.996453  95    20.5021
0.996453  94.8  18.3021
0.996453  94.6  14.8883
0.996453  94.4  10.1073
0.996453  94.2  4.58901
0.996453  94    -1.1305
0.996453  93.8  -6.1964
0.996453  93.6  -10.0097
0.996453  93.4  -11.9608
0.996453  93.2  -12.0593
0.996453  93    -10.8854
0.996453  92.8  -8.85783
0.996453  92.6  -6.80529
0.996453  92.4  -5.61069
0.996453  92.2  -6.22556
0.996453  92    -8.52058
0.996453  91.8  -10.9494
0.996453  91.6  -12.449
0.996453  91.4  -13.0826
0.996453  91.2  -13.007
0.996453  91    -12.7646
0.996453  90.8  -12.6194
0.996453  90.6  -12.3345
0.996453  90.4  -11.9983
0.996453  90.2  -11.7529
0.996453  90    -11.6643
0.996453  89.8  -11.7191
0.996453  89.6  -11.8942
0.996453  89.4  -12.0976
0.996453  89.2  -12.2718
0.996453  89    -12.4041
0.996453  88.8  -12.4837
0.996453  88.6  -12.5254
0.996453  88.4  -12.5597
0.996453  88.2  -12.5868
0.996453  88    -12.5569
0.996453  87.8  -12.4079
0.996453  87.6  -12.0786
0.996453  87.4  -11.5745
0.996453  87.2  -10.9295
0.996453  87    -10.2181
0.996453  86.8  -9.49377
0.996453  86.6  -8.72115
0.996453  86.4  -7.91728
0.996453  86.2  -7.14358
0.996453  86    -6.45991
0.996453  85.8  -5.92111
0.996453  85.6  -5.48416
0.996453  85.4  -5.08437
0.996453  85.2  -4.62097
0.996453  85    -4.03757
0.996453  84.8  -3.34783
0.996453  84.6  -2.64245
0.996453  84.4  -2.00818
0.996453  84.2  -1.51935
0.996453  84    -1.10644
0.989358  96    2.15526
0.989358  95.8  3.4114
0.989358  95.6  4.74706
0.989358  95.4  6.45589
0.989358  95.2  9.07531
0.989358  95    12.9868
0.989358  94.8  17.2541
0.989358  94.6  18.048
0.989358  94.4  14.5698
0.989358  94.2  9.26609
0.989358  94    5.32526
0.989358  93.8  2.70932
0.989358  93.6  0.680243
0.989358  93.4  -1.153
0.989358  93.2  -2.94947
0.989358  93    -3.90428
0.989358  92.8  -3.65962
0.989358  92.6  -2.42133
0.989358  92.4  -0.488515
0.989358  92.2  0.378988
0.989358  92    -0.791912
0.989358  91.8  -3.52814
0.989358  91.6  -7.45626
0.989358  91.4  -11.7117
0.989358  91.2  -15.2028
0.989358  91    -17.3553
0.989358  90.8  -18.1235
0.989358  90.6  -18.2019
0.989358  90.4  -18.2149
0.989358  90.2  -18.6617
0.989358  90    -19.8933
0.989358  89.8  -21.7245
0.989358  89.6  -23.8488
0.989358  89.4  -26.0477
0.989358  89.2  -27.7468
0.989358  89    -28.4623
0.989358  88.8  -28.1018
0.989358  88.6  -27.3041
0.989358  88.4  -27.0881
0.989358  88.2  -27.4104
0.989358  88    -28.0422
0.989358  87.8  -28.6949
0.989358  87.6  -29.0472
0.989358  87.4  -28.7539
0.989358  87.2  -27.8278
0.989358  87    -26.5318
0.989358  86.8  -25.1789
0.989358  86.6  -23.9251
0.989358  86.4  -22.7399
0.989358  86.2  -21.6065
0.989358  86    -20.5052
0.989358  85.8  -19.4215
0.989358  85.6  -18.3862
0.989358  85.4  -17.423
0.989358  85.2  -16.5473
0.989358  85    -15.7482
0.989358  84.8  -14.9681
0.989358  84.6  -14.1314
0.989358  84.4  -13.275
0.989358  84.2  -12.4334
0.989358  84    -11.7039
0.982279  96    5.45828
0.982279  95.8  7.72411
0.982279  95.6  10.5777
0.982279  95.4  13.7082
0.982279  95.2  16.7355
0.982279  95    19.809
0.982279  94.8  23.5497
0.982279  94.6  25.9847
0.982279  94.4  25.8333
0.982279  94.2  22.9044
0.982279  94    18.4494
0.982279  93.8  13.9564
0.982279  93.6  10.8295
0.982279  93.4  9.728
0.982279  93.2  9.99588
0.982279  93    11.222
0.982279  92.8  12.9807
0.982279  92.6  15.0158
0.982279  92.4  17.6372
0.982279  92.2  20.6053
0.982279  92    23.1009
0.982279  91.8  24.091
0.982279  91.6  22.9095
0.982279  91.4  20.4126
0.982279  91.2  17.6867
0.982279  91    15.3107
0.982279  90.8  12.9464
0.982279  90.6  10.1257
0.982279  90.4  7.13414
0.982279  90.2  4.37523
0.982279  90    2.16273
0.982279  89.8  0.427394
0.982279  89.6  -0.951155
0.982279  89.4  -2.13221
0.982279  89.2  -3.25513
0.982279  89    -4.28558
0.982279  88.8  -5.27415
0.982279  88.6  -6.22076
0.982279  88.4  -7.06297
0.982279  88.2  -7.78438
0.982279  88    -8.33864
0.982279  87.8  -8.67805
0.982279  87.6  -8.77074
0.982279  87.4  -8.49725
0.982279  87.2  -8.04405
0.982279  87    -7.70519
0.982279  86.8  -7.68258
0.982279  86.6  -7.98377
0.982279  86.4  -8.41554
0.982279  86.2  -8.86713
0.982279  86    -9.25089
0.982279  85.8  -9.53462
0.982279  85.6  -9.7947
0.982279  85.4  -10.0392
0.982279  85.2  -10.2551
0.982279  85    -10.4396
0.982279  84.8  -10.6207
0.982279  84.6  -10.8047
0.982279  84.4  -10.9757
0.982279  84.2  -11.1191
0.982279  84    -11.2429
0.975184  96    5.54757
0.975184  95.8  8.08615
0.975184  95.6  11.7395
0.975184  95.4  15.6058
0.975184  95.2  18.4427
0.975184  95    19.7653
0.975184  94.8  20.8435
0.975184  94.6  22.0527
0.975184  94.4  22.8312
0.975184  94.2  21.8263
0.975184  94    18.2913
0.975184  93.8  13.8769
0.975184  93.6  10.6094
0.975184  93.4  9.60777
0.975184  93.2  10.2203
0.975184  93    11.7925
0.975184  92.8  13.944
0.975184  92.6  16.3748
0.975184  92.4  19.166
0.975184  92.2  21.8374
0.975184  92    23.6623
0.975184  91.8  24.0391
0.975184  91.6  22.5888
0.975184  91.4  20.1005
0.975184  91.2  17.5329
0.975184  91    15.2933
0.975184  90.8  12.9913
0.975184  90.6  10.1894
0.975184  90.4  7.14527
0.975184  90.2  4.28936
0.975184  90    2.01137
0.975184  89.8  0.329452
0.975184  89.6  -0.906635
0.975184  89.4  -1.96475
0.975184  89.2  -3.06877
0.975184  89    -4.15971
0.975184  88.8  -5.21953
0.975184  88.6  -6.21127
0.975184  88.4  -7.06538
0.975184  88.2  -7.7753
0.975184  88    -8.31674
0.975184  87.8  -8.65359
0.975184  87.6  -8.75657
0.975184  87.4  -8.48839
0.975184  87.2  -8.03297
0.975184  87    -7.69456
0.975184  86.8  -7.67671
0.975184  86.6  -7.98236
0.975184  86.4  -8.41554
0.975184  86.2  -8.86713
0.975184  86    -9.25089
0.975184  85.8  -9.53478
0.975184  85.6  -9.79513
0.975184  85.4  -10.0389
0.975184  85.2  -10.2572
0.975184  85    -10.4555
0.975184  84.8  -10.675
0.975184  84.6  -10.9147
0.975184  84.4  -11.1251
0.975184  84.2  -11.2578
0.975184  84    -11.332
0.96809   96    5.6514
0.96809   95.8  7.23423
0.96809   95.6  9.35679
0.96809   95.4  11.6617
0.96809   95.2  13.7349
0.96809   95    15.3806
0.96809   94.8  16.5803
0.96809   94.6  17.4601
0.96809   94.4  18.1852
0.96809   94.2  18.813
0.96809   94    18.9528
0.96809   93.8  18.9224
0.96809   93.6  18.8308
0.96809   93.4  18.7235
0.96809   93.2  18.1833
0.96809   93    17.3684
0.96809   92.8  16.7366
0.96809   92.6  16.7991
0.96809   92.4  17.8441
0.96809   92.2  19.2435
0.96809   92    20.3516
0.96809   91.8  20.7974
0.96809   91.6  20.4162
0.96809   91.4  19.5794
0.96809   91.2  18.7441
0.96809   91    18.1837
0.96809   90.8  17.8006
0.96809   90.6  17.2784
0.96809   90.4  16.5793
0.96809   90.2  15.6593
0.96809   90    14.5283
0.96809   89.8  13.1165
0.96809   89.6  11.3592
0.96809   89.4  9.32829
0.96809   89.2  7.17985
0.96809   89    5.11525
0.96809   88.8  3.46314
0.96809   88.6  2.1896
0.96809   88.4  1.11042
0.96809   88.2  0.348373
0.96809   88    -0.0952509
0.96809   87.8  -0.391382
0.96809   87.6  -0.920451
0.96809   87.4  -1.87035
0.96809   87.2  -3.01657
0.96809   87    -4.04948
0.96809   86.8  -4.79193
0.96809   86.6  -5.31714
0.96809   86.4  -5.75931
0.96809   86.2  -6.10384
0.96809   86    -6.31019
0.96809   85.8  -6.40626
0.96809   85.6  -6.4509
0.96809   85.4  -6.44432
0.96809   85.2  -6.38559
0.96809   85    -6.33404
0.96809   84.8  -6.42703
0.96809   84.6  -6.64641
0.96809   84.4  -6.86557
0.96809   84.2  -6.92969
0.96809   84    -6.81054
0.960995  96    5.7286
0.960995  95.8  7.33074
0.960995  95.6  9.40946
0.960995  95.4  11.6035
0.960995  95.2  13.5162
0.960995  95    14.9309
0.960995  94.8  15.7951
0.960995  94.6  16.3144
0.960995  94.4  16.7384
0.960995  94.2  17.2154
0.960995  94    17.4736
0.960995  93.8  17.8476
0.960995  93.6  18.3625
0.960995  93.4  18.8914
0.960995  93.2  18.9379
0.960995  93    18.3728
0.960995  92.8  17.5122
0.960995  92.6  16.9921
0.960995  92.4  17.3548
0.960995  92.2  18.6225
0.960995  92    20.1347
0.960995  91.8  20.7881
0.960995  91.6  19.7706
0.960995  91.4  17.9038
0.960995  91.2  16.3947
0.960995  91    15.8482
0.960995  90.8  16.0433
0.960995  90.6  16.3205
0.960995  90.4  16.2865
0.960995  90.2  15.6597
0.960995  90    14.5183
0.960995  89.8  13.0006
0.960995  89.6  11.2489
0.960995  89.4  9.40174
0.960995  89.2  7.54346
0.960995  89    5.65336
0.960995  88.8  3.79167
0.960995  88.6  2.11
0.960995  88.4  0.848158
0.960995  88.2  0.153762
0.960995  88    -0.13926
0.960995  87.8  -0.355551
0.960995  87.6  -0.905432
0.960995  87.4  -1.90759
0.960995  87.2  -3.09267
0.960995  87    -4.11708
0.960995  86.8  -4.81031
0.960995  86.6  -5.27381
0.960995  86.4  -5.66631
0.960995  86.2  -5.99397
0.960995  86    -6.2203
0.960995  85.8  -6.36113
0.960995  85.6  -6.44766
0.960995  85.4  -6.46048
0.960995  85.2  -6.40197
0.960995  85    -6.315
0.960995  84.8  -6.38195
0.960995  84.6  -6.62043
0.960995  84.4  -6.87974
0.960995  84.2  -6.98441
0.960995  84    -6.89393
0.9539    96    4.8919
0.9539    95.8  5.45743
0.9539    95.6  6.07942
0.9539    95.4  6.75036
0.9539    95.2  7.42263
0.9539    95    8.02868
0.9539    94.8  8.58424
0.9539    94.6  9.0752
0.9539    94.4  9.4963
0.9539    94.2  9.84236
0.9539    94    10.1039
0.9539    93.8  10.3467
0.9539    93.6  10.4653
0.9539    93.4  10.3361
0.9539    93.2  9.78334
0.9539    93    8.90038
0.9539    92.8  8.07561
0.9539    92.6  7.6631
0.9539    92.4  7.60435
0.9539    92.2  7.95665
0.9539    92    8.59108
0.9539    91.8  9.15896
0.9539    91.6  9.52135
0.9539    91.4  9.64783
0.9539    91.2  9.59491
0.9539    91    9.51345
0.9539    90.8  9.4493
0.9539    90.6  9.36472
0.9539    90.4  9.33567
0.9539    90.2  9.34608
0.9539    90    9.38165
0.9539    89.8  9.33489
0.9539    89.6  8.97369
0.9539    89.4  8.17206
0.9539    89.2  6.96766
0.9539    89    5.59178
0.9539    88.8  4.20492
0.9539    88.6  2.81988
0.9539    88.4  1.357
0.9539    88.2  -0.206075
0.9539    88    -1.72576
0.9539    87.8  -3.10361
0.9539    87.6  -4.3134
0.9539    87.4  -5.33697
0.9539    87.2  -6.12701
0.9539    87    -6.58966
0.9539    86.8  -6.83793
0.9539    86.6  -7.10524
0.9539    86.4  -7.42879
0.9539    86.2  -7.70435
0.9539    86    -7.81043
0.9539    85.8  -7.74595
0.9539    85.6  -7.69335
0.9539    85.4  -7.68761
0.9539    85.2  -7.64688
0.9539    85    -7.50307
0.9539    84.8  -7.28472
0.9539    84.6  -7.00952
0.9539    84.4  -6.70569
0.9539    84.2  -6.39746
0.9539    84    -6.10688
0.946822  96    4.93986
0.946822  95.8  5.21349
0.946822  95.6  5.18981
0.946822  95.4  5.00863
0.946822  95.2  4.86818
0.946822  95    4.79752
0.946822  94.8  4.49458
0.946822  94.6  3.92326
0.946822  94.4  3.31893
0.946822  94.2  3.07807
0.946822  94    3.28362
0.946822  93.8  3.66335
0.946822  93.6  3.90458
0.946822  93.4  4.01221
0.946822  93.2  4.07206
0.946822  93    4.11016
0.946822  92.8  4.36353
0.946822  92.6  4.84016
0.946822  92.4  5.13585
0.946822  92.2  4.97575
0.946822  92    4.52048
0.946822  91.8  4.33883
0.946822  91.6  4.80845
0.946822  91.4  5.69676
0.946822  91.2  6.73441
0.946822  91    7.77332
0.946822  90.8  8.63371
0.946822  90.6  9.01741
0.946822  90.4  9.17361
0.946822  90.2  9.25418
0.946822  90    9.34811
0.946822  89.8  9.38693
0.946822  89.6  9.10336
0.946822  89.4  8.33255
0.946822  89.2  7.09685
0.946822  89    5.65919
0.946822  88.8  4.22349
0.946822  88.6  2.82067
0.946822  88.4  1.35813
0.946822  88.2  -0.210402
0.946822  88    -1.77167
0.946822  87.8  -3.21969
0.946822  87.6  -4.47345
0.946822  87.4  -5.4745
0.946822  87.2  -6.20279
0.946822  87    -6.60893
0.946822  86.8  -6.83228
0.946822  86.6  -7.09953
0.946822  86.4  -7.43202
0.946822  86.2  -7.71561
0.946822  86    -7.82155
0.946822  85.8  -7.75183
0.946822  85.6  -7.69432
0.946822  85.4  -7.68762
0.946822  85.2  -7.6469
0.946822  85    -7.50307
0.946822  84.8  -7.28472
0.946822  84.6  -7.00952
0.946822  84.4  -6.70564
0.946822  84.2  -6.39749
0.946822  84    -6.10313
0.939727  96    -3.08017
0.939727  95.8  -2.48786
0.939727  95.6  -1.85735
0.939727  95.4  -1.28646
0.939727  95.2  -0.774523
0.939727  95    -0.456465
0.939727  94.8  -0.288583
0.939727  94.6  -0.138052
0.939727  94.4  0.0456486
0.939727  94.2  0.259209
0.939727  94    0.31681
0.939727  93.8  0.0714643
0.939727  93.6  -0.397659
0.939727  93.4  -0.964346
0.939727  93.2  -1.31128
0.939727  93    -1.28203
0.939727  92.8  -0.89292
0.939727  92.6  -0.594658
0.939727  92.4  -1.31894
0.939727  92.2  -3.38585
0.939727  92    -6.07637
0.939727  91.8  -7.87086
0.939727  91.6  -7.949
0.939727  91.4  -6.8438
0.939727  91.2  -5.1858
0.939727  91    -3.48872
0.939727  90.8  -1.72557
0.939727  90.6  0.319241
0.939727  90.4  2.405
0.939727  90.2  4.09688
0.939727  90    5.07613
0.939727  89.8  5.26001
0.939727  89.6  4.5733
0.939727  89.4  3.2505
0.939727  89.2  1.52358
0.939727  89    -0.63107
0.939727  88.8  -2.86277
0.939727  88.6  -4.79968
0.939727  88.4  -6.20181
0.939727  88.2  -7.22203
0.939727  88    -8.21368
0.939727  87.8  -9.35924
0.939727  87.6  -10.5486
0.939727  87.4  -11.5036
0.939727  87.2  -12.1326
0.939727  87    -12.3025
0.939727  86.8  -12.0183
0.939727  86.6  -11.3611
0.939727  86.4  -10.4371
0.939727  86.2  -9.33932
0.939727  86    -8.27464
0.939727  85.8  -7.46708
0.939727  85.6  -7.04303
0.939727  85.4  -7.141
0.939727  85.2  -7.68984
0.939727  85    -8.43557
0.939727  84.8  -9.16829
0.939727  84.6  -9.44575
0.939727  84.4  -9.19522
0.939727  84.2  -8.48492
0.939727  84    -7.33576
0.932632  96    -3.2601
0.932632  95.8  -2.66963
0.932632  95.6  -1.99394
0.932632  95.4  -1.3507
0.932632  95.2  -0.762243
0.932632  95    -0.326044
0.932632  94.8  -0.0489628
0.932632  94.6  0.130463
0.932632  94.4  0.213501
0.932632  94.2  0.142134
0.932632  94    -0.308993
0.932632  93.8  -1.19793
0.932632  93.6  -2.27774
0.932632  93.4  -3.30813
0.932632  93.2  -4.24619
0.932632  93    -4.71759
0.932632  92.8  -4.3325
0.932632  92.6  -3.31808
0.932632  92.4  -2.65325
0.932632  92.2  -3.4698
0.932632  92    -5.6959
0.932632  91.8  -7.97857
0.932632  91.6  -9.59685
0.932632  91.4  -10.401
0.932632  91.2  -10.0811
0.932632  91    -8.51163
0.932632  90.8  -5.57521
0.932632  90.6  -1.8415
0.932632  90.4  1.74715
0.932632  90.2  4.20972
0.932632  90    5.30968
0.932632  89.8  5.40507
0.932632  89.6  4.62578
0.932632  89.4  3.23343
0.932632  89.2  1.44665
0.932632  89    -0.731399
0.932632  88.8  -2.93404
0.932632  88.6  -4.81866
0.932632  88.4  -6.19624
0.932632  88.2  -7.21935
0.932632  88    -8.22182
0.932632  87.8  -9.36721
0.932632  87.6  -10.5322
0.932632  87.4  -11.4289
0.932632  87.2  -12.0127
0.932632  87    -12.1715
0.932632  86.8  -11.9182
0.932632  86.6  -11.3196
0.932632  86.4  -10.4321
0.932632  86.2  -9.34331
0.932632  86    -8.27698
0.932632  85.8  -7.45116
0.932632  85.6  -6.9784
0.932632  85.4  -7.01364
0.932632  85.2  -7.51513
0.932632  85    -8.25571
0.932632  84.8  -9.02938
0.932632  84.6  -9.36788
0.932632  84.4  -9.1708
0.932632  84.2  -8.48872
0.932632  84    -7.36232
0.925538  96    -2.99312
0.925538  95.8  -2.61124
0.925538  95.6  -2.03976
0.925538  95.4  -1.33939
0.925538  95.2  -0.747277
0.925538  95    -0.536351
0.925538  94.8  -0.826714
0.925538  94.6  -1.56287
0.925538  94.4  -2.48869
0.925538  94.2  -3.28706
0.925538  94    -4.05222
0.925538  93.8  -4.82447
0.925538  93.6  -5.63028
0.925538  93.4  -6.22414
0.925538  93.2  -6.54028
0.925538  93    -6.82718
0.925538  92.8  -7.34836
0.925538  92.6  -8.28896
0.925538  92.4  -9.36975
0.925538  92.2  -10.3129
0.925538  92    -10.8372
0.925538  91.8  -10.6895
0.925538  91.6  -9.71358
0.925538  91.4  -8.37162
0.925538  91.2  -7.20876
0.925538  91    -6.43107
0.925538  90.8  -5.77286
0.925538  90.6  -4.92275
0.925538  90.4  -3.89474
0.925538  90.2  -2.88783
0.925538  90    -2.18722
0.925538  89.8  -1.90122
0.925538  89.6  -1.99929
0.925538  89.4  -2.25198
0.925538  89.2  -2.51933
0.925538  89    -2.89373
0.925538  88.8  -3.36652
0.925538  88.6  -3.91338
0.925538  88.4  -4.50984
0.925538  88.2  -5.22077
0.925538  88    -5.9434
0.925538  87.8  -6.56946
0.925538  87.6  -7.03392
0.925538  87.4  -7.2781
0.925538  87.2  -7.3392
0.925538  87    -7.25421
0.925538  86.8  -7.2108
0.925538  86.6  -7.46673
0.925538  86.4  -7.89755
0.925538  86.2  -8.03049
0.925538  86    -7.56334
0.925538  85.8  -6.64883
0.925538  85.6  -5.7164
0.925538  85.4  -5.0876
0.925538  85.2  -4.77423
0.925538  85    -4.70912
0.925538  84.8  -4.88831
0.925538  84.6  -5.19667
0.925538  84.4  -5.41847
0.925538  84.2  -5.38339
0.925538  84    -5.04077
0.918443  96    -2.92249
0.918443  95.8  -2.49882
0.918443  95.6  -1.93168
0.918443  95.4  -1.27759
0.918443  95.2  -0.736281
0.918443  95    -0.545287
0.918443  94.8  -0.840491
0.918443  94.6  -1.57243
0.918443  94.4  -2.48747
0.918443  94.2  -3.27103
0.918443  94    -4.0485
0.918443  93.8  -4.89336
0.918443  93.6  -5.76761
0.918443  93.4  -6.28109
0.918443  93.2  -6.22829
0.918443  93    -6.00458
0.918443  92.8  -6.17444
0.918443  92.6  -6.9453
0.918443  92.4  -7.2804
0.918443  92.2  -6.60276
0.918443  92    -5.18299
0.918443  91.8  -3.88255
0.918443  91.6  -2.94567
0.918443  91.4  -1.9655
0.918443  91.2  -0.89797
0.918443  91    -0.0907802
0.918443  90.8  0.0451483
0.918443  90.6  -0.26644
0.918443  90.4  -0.837821
0.918443  90.2  -1.35149
0.918443  90    -1.69313
0.918443  89.8  -1.95259
0.918443  89.6  -2.12153
0.918443  89.4  -2.36452
0.918443  89.2  -2.77294
0.918443  89    -3.28416
0.918443  88.8  -3.75157
0.918443  88.6  -4.13996
0.918443  88.4  -4.46246
0.918443  88.2  -4.85835
0.918443  88    -5.50039
0.918443  87.8  -6.33095
0.918443  87.6  -7.07329
0.918443  87.4  -7.43788
0.918443  87.2  -7.48728
0.918443  87    -7.3517
0.918443  86.8  -7.20802
0.918443  86.6  -7.1028
0.918443  86.4  -6.93159
0.918443  86.2  -6.60739
0.918443  86    -6.10317
0.918443  85.8  -5.54697
0.918443  85.6  -4.997
0.918443  85.4  -4.61079
0.918443  85.2  -4.52162
0.918443  85    -4.67786
0.918443  84.8  -4.88022
0.918443  84.6  -4.90385
0.918443  84.4  -4.95324
0.918443  84.2  -5.21564
0.918443  84    -5.49662
0.911364  96    4.52925
0.911364  95.8  4.85359
0.911364  95.6  5.11505
0.911364  95.4  5.2509
0.911364  95.2  5.11678
0.911364  95    4.76367
0.911364  94.8  4.63269
0.911364  94.6  4.92557
0.911364  94.4  5.20933
0.911364  94.2  4.55351
0.911364  94    2.61331
0.911364  93.8  0.174021
0.911364  93.6  -1.89054
0.911364  93.4  -3.21051
0.911364  93.2  -4.25817
0.911364  93    -5.1621
0.911364  92.8  -5.7021
0.911364  92.6  -5.5216
0.911364  92.4  -4.33009
0.911364  92.2  -2.36406
0.911364  92    -0.190103
0.911364  91.8  1.45745
0.911364  91.6  2.22489
0.911364  91.4  2.13697
0.911364  91.2  1.31781
0.911364  91    0.163004
0.911364  90.8  -1.0991
0.911364  90.6  -2.47023
0.911364  90.4  -3.85989
0.911364  90.2  -5.01166
0.911364  90    -5.58474
0.911364  89.8  -5.62943
0.911364  89.6  -5.27647
0.911364  89.4  -4.69553
0.911364  89.2  -3.97688
0.911364  89    -2.93933
0.911364  88.8  -1.76399
0.911364  88.6  -0.735493
0.911364  88.4  -0.159133
0.911364  88.2  -0.0521214
0.911364  88    -0.46119
0.911364  87.8  -1.30811
0.911364  87.6  -2.33017
0.911364  87.4  -3.32398
0.911364  87.2  -4.27752
0.911364  87    -5.14468
0.911364  86.8  -5.90325
0.911364  86.6  -6.51317
0.911364  86.4  -6.95225
0.911364  86.2  -7.32522
0.911364  86    -7.74494
0.911364  85.8  -8.2098
0.911364  85.6  -8.64951
0.911364  85.4  -8.9557
0.911364  85.2  -9.01996
0.911364  85    -8.97718
0.911364  84.8  -9.17495
0.911364  84.6  -9.58861
0.911364  84.4  -9.93779
0.911364  84.2  -9.85569
0.911364  84    -9.40558
0.904269  96    4.53327
0.904269  95.8  4.85988
0.904269  95.6  5.08088
0.904269  95.4  5.18058
0.904269  95.2  5.07898
0.904269  95    4.86617
0.904269  94.8  4.91449
0.904269  94.6  5.24929
0.904269  94.4  5.4088
0.904269  94.2  4.59042
0.904269  94    2.57791
0.904269  93.8  0.119262
0.904269  93.6  -1.91925
0.904269  93.4  -3.05756
0.904269  93.2  -3.53508
0.904269  93    -3.5821
0.904269  92.8  -3.36382
0.904269  92.6  -2.93838
0.904269  92.4  -2.22892
0.904269  92.2  -1.19548
0.904269  92    0.013101
0.904269  91.8  1.09741
0.904269  91.6  1.77838
0.904269  91.4  1.8406
0.904269  91.2  1.22344
0.904269  91    0.162983
0.904269  90.8  -1.10581
0.904269  90.6  -2.46701
0.904269  90.4  -3.807
0.904269  90.2  -4.91225
0.904269  90    -5.58997
0.904269  89.8  -5.90438
0.904269  89.6  -5.84835
0.904269  89.4  -5.38235
0.904269  89.2  -4.5085
0.904269  89    -3.21277
0.904269  88.8  -1.85128
0.904269  88.6  -0.745389
0.904269  88.4  -0.134971
0.904269  88.2  -0.0139893
0.904269  88    -0.475284
0.904269  87.8  -1.424
0.904269  87.6  -2.49676
0.904269  87.4  -3.4199
0.904269  87.2  -4.2588
0.904269  87    -5.07892
0.904269  86.8  -5.8748
0.904269  86.6  -6.52757
0.904269  86.4  -6.95251
0.904269  86.2  -7.27837
0.904269  86    -7.67261
0.904269  85.8  -8.13613
0.904269  85.6  -8.58717
0.904269  85.4  -8.91301
0.904269  85.2  -9.00402
0.904269  85    -8.99438
0.904269  84.8  -9.23915
0.904269  84.6  -9.70596
0.904269  84.4  -10.0903
0.904269  84.2  -9.99345
0.904269  84    -9.46669
0.897175  96    4.53243
0.897175  95.8  4.79214
0.897175  95.6  4.90294
0.897175  95.4  5.0327
0.897175  95.2  5.29443
0.897175  95    5.74409
0.897175  94.8  6.15239
0.897175  94.6  6.13234
0.897175  94.4  5.61424
0.897175  94.2  4.83454
0.897175  94    3.97749
0.897175  93.8  3.11952
0.897175  93.6  2.17273
0.897175  93.4  0.887696
0.897175  93.2  -0.984261
0.897175  93    -3.03849
0.897175  92.8  -4.76323
0.897175  92.6  -5.65303
0.897175  92.4  -5.43298
0.897175  92.2  -4.2804
0.897175  92    -2.59419
0.897175  91.8  -0.984692
0.897175  91.6  0.468176
0.897175  91.4  1.52028
0.897175  91.2  1.79198
0.897175  91    1.32475
0.897175  90.8  0.453176
0.897175  90.6  -0.469445
0.897175  90.4  -1.29806
0.897175  90.2  -1.82464
0.897175  90    -2.19187
0.897175  89.8  -2.47702
0.897175  89.6  -2.52303
0.897175  89.4  -2.21242
0.897175  89.2  -1.36488
0.897175  89    0.220503
0.897175  88.8  2.19633
0.897175  88.6  3.86993
0.897175  88.4  4.47107
0.897175  88.2  3.86568
0.897175  88    2.0073
0.897175  87.8  -0.686298
0.897175  87.6  -3.32951
0.897175  87.4  -5.4704
0.897175  87.2  -7.03082
0.897175  87    -8.13859
0.897175  86.8  -9.08376
0.897175  86.6  -10.1907
0.897175  86.4  -11.4076
0.897175  86.2  -12.3664
0.897175  86    -12.9168
0.897175  85.8  -13.2122
0.897175  85.6  -13.6426
0.897175  85.4  -14.1818
0.897175  85.2  -14.4539
0.897175  85    -14.1995
0.897175  84.8  -13.5124
0.897175  84.6  -12.6628
0.897175  84.4  -11.9599
0.897175  84.2  -11.3709
0.897175  84    -10.7957
0.89008   96    4.42833
0.89008   95.8  4.71663
0.89008   95.6  4.86662
0.89008   95.4  5.02303
0.89008   95.2  5.29453
0.89008   95    5.70363
0.89008   94.8  6.00307
0.89008   94.6  5.98042
0.89008   94.4  5.5658
0.89008   94.2  4.84901
0.89008   94    3.89573
0.89008   93.8  2.88173
0.89008   93.6  1.88016
0.89008   93.4  0.636553
0.89008   93.2  -1.27509
0.89008   93    -3.398
0.89008   92.8  -4.85888
0.89008   92.6  -5.0165
0.89008   92.4  -4.34689
0.89008   92.2  -3.69672
0.89008   92    -3.28191
0.89008   91.8  -2.70987
0.89008   91.6  -1.43042
0.89008   91.4  0.0371513
0.89008   91.2  0.940697
0.89008   91    1.00182
0.89008   90.8  0.470997
0.89008   90.6  -0.21756
0.89008   90.4  -1.06108
0.89008   90.2  -1.87296
0.89008   90    -2.42745
0.89008   89.8  -2.75092
0.89008   89.6  -2.69808
0.89008   89.4  -2.26941
0.89008   89.2  -1.33282
0.89008   89    0.579049
0.89008   88.8  2.91888
0.89008   88.6  4.69519
0.89008   88.4  4.87694
0.89008   88.2  3.44128
0.89008   88    1.12811
0.89008   87.8  -1.32922
0.89008   87.6  -3.3952
0.89008   87.4  -5.24209
0.89008   87.2  -6.86122
0.89008   87    -8.10096
0.89008   86.8  -9.08391
0.89008   86.6  -10.1592
0.89008   86.4  -11.2895
0.89008   86.2  -11.9604
0.89008   86    -12.0127
0.89008   85.8  -11.8754
0.89008   85.6  -12.2031
0.89008   85.4  -12.959
0.89008   85.2  -13.4544
0.89008   85    -13.1719
0.89008   84.8  -12.1696
0.89008   84.6  -10.833
0.89008   84.4  -9.84907
0.89008   84.2  -9.51094
0.89008   84    -9.64398
0.882985  96    8.24158
0.882985  95.8  8.66967
0.882985  95.6  9.00452
0.882985  95.4  9.17622
0.882985  95.2  9.11818
0.882985  95    8.79717
0.882985  94.8  8.2192
0.882985  94.6  7.56275
0.882985  94.4  6.93298
0.882985  94.2  6.33744
0.882985  94    5.71721
0.882985  93.8  5.07743
0.882985  93.6  4.40414
0.882985  93.4  3.55761
0.882985  93.2  2.29922
0.882985  93    0.773304
0.882985  92.8  -0.636779
0.882985  92.6  -1.61485
0.882985  92.4  -2.30778
0.882985  92.2  -3.02481
0.882985  92    -3.78457
0.882985  91.8  -4.33437
0.882985  91.6  -4.4818
0.882985  91.4  -4.25427
0.882985  91.2  -3.70089
0.882985  91    -2.85585
0.882985  90.8  -1.53801
0.882985  90.6  0.182195
0.882985  90.4  1.91378
0.882985  90.2  3.30898
0.882985  90    4.23817
0.882985  89.8  4.97639
0.882985  89.6  5.58023
0.882985  89.4  5.94986
0.882985  89.2  6.08416
0.882985  89    6.11832
0.882985  88.8  5.99675
0.882985  88.6  5.61283
0.882985  88.4  4.83655
0.882985  88.2  3.58351
0.882985  88    2.21684
0.882985  87.8  1.02737
0.882985  87.6  0.0876999
0.882985  87.4  -0.852446
0.882985  87.2  -1.86897
0.882985  87    -2.92714
0.882985  86.8  -3.71948
0.882985  86.6  -3.84728
0.882985  86.4  -3.47555
0.882985  86.2  -3.01975
0.882985  86    -2.93331
0.882985  85.8  -3.33732
0.882985  85.6  -4.04718
0.882985  85.4  -4.76311
0.882985  85.2  -5.13092
0.882985  85    -4.96912
0.882985  84.8  -4.21121
0.882985  84.6  -3.20959
0.882985  84.4  -2.54405
0.882985  84.2  -2.7354
0.882985  84    -4.02602
0.875906  96    8.32132
0.875906  95.8  8.75194
0.875906  95.6  9.02336
0.875906  95.4  9.09617
0.875906  95.2  8.97941
0.875906  95    8.69232
0.875906  94.8  8.18597
0.875906  94.6  7.56884
0.875906  94.4  6.93595
0.875906  94.2  6.34442
0.875906  94    5.76456
0.875906  93.8  5.16435
0.875906  93.6  4.49644
0.875906  93.4  3.62917
0.875906  93.2  2.37593
0.875906  93    0.885847
0.875906  92.8  -0.509929
0.875906  92.6  -1.53589
0.875906  92.4  -2.29945
0.875906  92.2  -3.05503
0.875906  92    -3.8072
0.875906  91.8  -4.33232
0.875906  91.6  -4.46911
0.875906  91.4  -4.23345
0.875906  91.2  -3.67114
0.875906  91    -2.83871
0.875906  90.8  -1.5934
0.875906  90.6  0.013247
0.875906  90.4  1.67562
0.875906  90.2  3.10614
0.875906  90    4.15604
0.875906  89.8  5.04024
0.875906  89.6  5.74076
0.875906  89.4  6.11677
0.875906  89.2  6.17421
0.875906  89    6.10855
0.875906  88.8  5.95243
0.875906  88.6  5.60136
0.875906  88.4  4.8704
0.875906  88.2  3.64796
0.875906  88    2.27905
0.875906  87.8  1.05944
0.875906  87.6  0.079099
0.875906  87.4  -0.906734
0.875906  87.2  -1.95102
0.875906  87    -2.99864
0.875906  86.8  -3.75465
0.875906  86.6  -3.84946
0.875906  86.4  -3.46742
0.875906  86.2  -3.01756
0.875906  86    -2.93313
0.875906  85.8  -3.33888
0.875906  85.6  -4.04426
0.875906  85.4  -4.753
0.875906  85.2  -5.11467
0.875906  85    -4.94914
0.875906  84.8  -4.19982
0.875906  84.6  -3.21491
0.875906  84.4  -2.55638
0.875906  84.2  -2.73336
0.875906  84    -3.97305
0.868812  96    7.68591
0.868812  95.8  7.55383
0.868812  95.6  7.37997
0.868812  95.4  7.13327
0.868812  95.2  6.82131
0.868812  95    6.46401
0.868812  94.8  6.0291
0.868812  94.6  5.59552
0.868812  94.4  5.2268
0.868812  94.2  4.96003
0.868812  94    4.7974
0.868812  93.8  4.66346
0.868812  93.6  4.43883
0.868812  93.4  3.99192
0.868812  93.2  3.28207
0.868812  93    2.44244
0.868812  92.8  1.62515
0.868812  92.6  1.0106
0.868812  92.4  0.699394
0.868812  92.2  0.739585
0.868812  92    1.03502
0.868812  91.8  1.35485
0.868812  91.6  1.71117
0.868812  91.4  2.14073
0.868812  91.2  2.53039
0.868812  91    2.68037
0.868812  90.8  2.47413
0.868812  90.6  2.15486
0.868812  90.4  1.96876
0.868812  90.2  2.00304
0.868812  90    2.05897
0.868812  89.8  1.87591
0.868812  89.6  1.48325
0.868812  89.4  1.00707
0.868812  89.2  0.770428
0.868812  89    0.988576
0.868812  88.8  1.66848
0.868812  88.6  2.50921
0.868812  88.4  3.07378
0.868812  88.2  3.35649
0.868812  88    3.30075
0.868812  87.8  2.91857
0.868812  87.6  2.32032
0.868812  87.4  1.69147
0.868812  87.2  0.959388
0.868812  87    0.143108
0.868812  86.8  -0.71309
0.868812  86.6  -1.59832
0.868812  86.4  -2.39858
0.868812  86.2  -3.04224
0.868812  86    -3.41802
0.868812  85.8  -3.2841
0.868812  85.6  -2.54442
0.868812  85.4  -1.49709
0.868812  85.2  -0.571249
0.868812  85    -0.309082
0.868812  84.8  -0.846622
0.868812  84.6  -2.02001
0.868812  84.4  -3.41927
0.868812  84.2  -4.54893
0.868812  84    -5.2721
0.861717  96    7.67505
0.861717  95.8  7.54644
0.861717  95.6  7.38312
0.861717  95.4  7.14482
0.861717  95.2  6.82763
0.861717  95    6.44736
0.861717  94.8  5.98003
0.861717  94.6  5.5339
0.861717  94.4  5.18288
0.861717  94.2  4.9506
0.861717  94    4.81839
0.861717  93.8  4.69555
0.861717  93.6  4.45454
0.861717  93.4  3.98353
0.861717  93.2  3.26221
0.861717  93    2.43222
0.861717  92.8  1.63123
0.861717  92.6  1.0224
0.861717  92.4  0.701929
0.861717  92.2  0.726254
0.861717  92    1.01687
0.861717  91.8  1.35953
0.861717  91.6  1.77018
0.861717  91.4  2.24097
0.861717  91.2  2.62029
0.861717  91    2.72023
0.861717  90.8  2.47414
0.861717  90.6  2.14875
0.861717  90.4  1.97003
0.861717  90.2  2.00478
0.861717  90    2.05007
0.861717  89.8  1.86549
0.861717  89.6  1.48449
0.861717  89.4  1.01857
0.861717  89.2  0.773781
0.861717  89    0.945677
0.861717  88.8  1.55419
0.861717  88.6  2.34404
0.861717  88.4  2.93042
0.861717  88.2  3.30074
0.861717  88    3.3203
0.861717  87.8  2.95723
0.861717  87.6  2.34297
0.861717  87.4  1.72777
0.861717  87.2  1.04171
0.861717  87    0.287825
0.861717  86.8  -0.530211
0.861717  86.6  -1.43582
0.861717  86.4  -2.28902
0.861717  86.2  -2.98852
0.861717  86    -3.40102
0.861717  85.8  -3.29755
0.861717  85.6  -2.60579
0.861717  85.4  -1.60693
0.861717  85.2  -0.691499
0.861717  85    -0.403745
0.861717  84.8  -0.936684
0.861717  84.6  -2.14159
0.861717  84.4  -3.55952
0.861717  84.2  -4.63016
0.861717  84    -5.25469
0.854623  96    3.66113
0.854623  95.8  3.93701
0.854623  95.6  4.24511
0.854623  95.4  4.49486
0.854623  95.2  4.64185
0.854623  95    4.68515
0.854623  94.8  4.63867
0.854623  94.6  4.55334
0.854623  94.4  4.55024
0.854623  94.2  4.77937
0.854623  94    5.2649
0.854623  93.8  5.75317
0.854623  93.6  6.01754
0.854623  93.4  6.10797
0.854623  93.2  6.38506
0.854623  93    6.77888
0.854623  92.8  6.91129
0.854623  92.6  6.43586
0.854623  92.4  5.5958
0.854623  92.2  4.76453
0.854623  92    4.06041
0.854623  91.8  3.38097
0.854623  91.6  2.62894
0.854623  91.4  1.86925
0.854623  91.2  1.14397
0.854623  91    0.380024
0.854623  90.8  -0.753352
0.854623  90.6  -2.28368
0.854623  90.4  -3.73234
0.854623  90.2  -4.73132
0.854623  90    -5.15627
0.854623  89.8  -5.30754
0.854623  89.6  -5.25407
0.854623  89.4  -4.89579
0.854623  89.2  -4.1623
0.854623  89    -3.0235
0.854623  88.8  -1.76292
0.854623  88.6  -0.771723
0.854623  88.4  -0.401844
0.854623  88.2  -0.643561
0.854623  88    -1.23333
0.854623  87.8  -1.8179
0.854623  87.6  -2.06356
0.854623  87.4  -1.85571
0.854623  87.2  -1.61626
0.854623  87    -1.75631
0.854623  86.8  -2.37167
0.854623  86.6  -3.31218
0.854623  86.4  -4.22198
0.854623  86.2  -4.81675
0.854623  86    -4.9318
0.854623  85.8  -4.44036
0.854623  85.6  -3.50761
0.854623  85.4  -2.65045
0.854623  85.2  -2.26202
0.854623  85    -2.43025
0.854623  84.8  -2.65643
0.854623  84.6  -2.60984
0.854623  84.4  -2.3519
0.854623  84.2  -2.06071
0.854623  84    -2.11754
0.847528  96    3.6663
0.847528  95.8  3.93228
0.847528  95.6  4.24171
0.847528  95.4  4.49441
0.847528  95.2  4.64184
0.847528  95    4.68515
0.847528  94.8  4.63867
0.847528  94.6  4.55334
0.847528  94.4  4.55024
0.847528  94.2  4.77938
0.847528  94    5.26512
0.847528  93.8  5.75545
0.847528  93.6  6.02136
0.847528  93.4  6.10169
0.847528  93.2  6.34229
0.847528  93    6.68104
0.847528  92.8  6.77473
0.847528  92.6  6.30202
0.847528  92.4  5.49851
0.847528  92.2  4.71217
0.847528  92    4.0429
0.847528  91.8  3.38292
0.847528  91.6  2.63724
0.847528  91.4  1.89521
0.847528  91.2  1.21824
0.847528  91    0.523778
0.847528  90.8  -0.538762
0.847528  90.6  -2.03137
0.847528  90.4  -3.51926
0.847528  90.2  -4.62574
0.847528  90    -5.16889
0.847528  89.8  -5.37956
0.847528  89.6  -5.31026
0.847528  89.4  -4.90787
0.847528  89.2  -4.15182
0.847528  89    -3.01168
0.847528  88.8  -1.76134
0.847528  88.6  -0.773642
0.847528  88.4  -0.38463
0.847528  88.2  -0.601735
0.847528  88    -1.19605
0.847528  87.8  -1.81179
0.847528  87.6  -2.06832
0.847528  87.4  -1.81481
0.847528  87.2  -1.51612
0.847528  87    -1.6453
0.847528  86.8  -2.30592
0.847528  86.6  -3.30207
0.847528  86.4  -4.23925
0.847528  86.2  -4.82949
0.847528  86    -4.92393
0.847528  85.8  -4.43971
0.847528  85.6  -3.56612
0.847528  85.4  -2.78131
0.847528  85.2  -2.40855
0.847528  85    -2.51588
0.847528  84.8  -2.6666
0.847528  84.6  -2.59192
0.847528  84.4  -2.33618
0.847528  84.2  -2.0352
0.847528  84    -2.10196
0.840449  96    3.67986
0.840449  95.8  3.77404
0.840449  95.6  3.94164
0.840449  95.4  4.2369
0.840449  95.2  4.63544
0.840449  95    5.10673
0.840449  94.8  5.53237
0.840449  94.6  5.88668
0.840449  94.4  6.2666
0.840449  94.2  6.84029
0.840449  94    7.64591
0.840449  93.8  8.31685
0.840449  93.6  8.5363
0.840449  93.4  8.33779
0.840449  93.2  7.99169
0.840449  93    7.68142
0.840449  92.8  7.37628
0.840449  92.6  6.9558
0.840449  92.4  6.57127
0.840449  92.2  6.20732
0.840449  92    5.69855
0.840449  91.8  4.81633
0.840449  91.6  3.35447
0.840449  91.4  1.46095
0.840449  91.2  -0.598381
0.840449  91    -2.54399
0.840449  90.8  -4.39179
0.840449  90.6  -6.15777
0.840449  90.4  -7.48833
0.840449  90.2  -8.13927
0.840449  90    -8.12799
0.840449  89.8  -7.91404
0.840449  89.6  -7.70702
0.840449  89.4  -7.36688
0.840449  89.2  -6.54037
0.840449  89    -4.91961
0.840449  88.8  -2.82512
0.840449  88.6  -0.825507
0.840449  88.4  0.496661
0.840449  88.2  1.2283
0.840449  88    1.52087
0.840449  87.8  1.5445
0.840449  87.6  1.48288
0.840449  87.4  1.43617
0.840449  87.2  1.40001
0.840449  87    1.30735
0.840449  86.8  1.1654
0.840449  86.6  1.03892
0.840449  86.4  0.938141
0.840449  86.2  0.825671
0.840449  86    0.66465
0.840449  85.8  0.471287
0.840449  85.6  0.314381
0.840449  85.4  0.0817716
0.840449  85.2  -0.469204
0.840449  85    -1.22596
0.840449  84.8  -1.77105
0.840449  84.6  -1.84045
0.840449  84.4  -1.66642
0.840449  84.2  -1.63513
0.840449  84    -1.81306
0.833354  96    3.67975
0.833354  95.8  3.74734
0.833354  95.6  3.90784
0.833354  95.4  4.21642
0.833354  95.2  4.63647
0.833354  95    5.13491
0.833354  94.8  5.58495
0.833354  94.6  5.94602
0.833354  94.4  6.30964
0.833354  94.2  6.85083
0.833354  94    7.63411
0.833354  93.8  8.31751
0.833354  93.6  8.59284
0.833354  93.4  8.45302
0.833354  93.2  8.11316
0.833354  93    7.7536
0.833354  92.8  7.39234
0.833354  92.6  6.96417
0.833354  92.4  6.61769
0.833354  92.2  6.30825
0.833354  92    5.84608
0.833354  91.8  4.9809
0.833354  91.6  3.47476
0.833354  91.4  1.46432
0.833354  91.2  -0.757698
0.833354  91    -2.84492
0.833354  90.8  -4.75777
0.833354  90.6  -6.51765
0.833354  90.4  -7.78352
0.833354  90.2  -8.35061
0.833354  90    -8.25347
0.833354  89.8  -7.96567
0.833354  89.6  -7.71001
0.833354  89.4  -7.33152
0.833354  89.2  -6.46649
0.833354  89    -4.80101
0.833354  88.8  -2.66454
0.833354  88.6  -0.647108
0.833354  88.4  0.64999
0.833354  88.2  1.31379
0.833354  88    1.53908
0.833354  87.8  1.52842
0.833354  87.6  1.46792
0.833354  87.4  1.43029
0.833354  87.2  1.39974
0.833354  87    1.30849
0.833354  86.8  1.16542
0.833354  86.6  1.03861
0.833354  86.4  0.938141
0.833354  86.2  0.825671
0.833354  86    0.66465
0.833354  85.8  0.470424
0.833354  85.6  0.313087
0.833354  85.4  0.0823265
0.833354  85.2  -0.470795
0.833354  85    -1.24269
0.833354  84.8  -1.8273
0.833354  84.6  -1.95125
0.833354  84.4  -1.81577
0.833354  84.2  -1.77374
0.833354  84    -1.8979
0.82626   96    4.05657
0.82626   95.8  3.86116
0.82626   95.6  3.74559
0.82626   95.4  3.71205
0.82626   95.2  3.70612
0.82626   95    3.68417
0.82626   94.8  3.64507
0.82626   94.6  3.57706
0.82626   94.4  3.52163
0.82626   94.2  3.58308
0.82626   94    3.85827
0.82626   93.8  4.0468
0.82626   93.6  3.96063
0.82626   93.4  3.64592
0.82626   93.2  3.50507
0.82626   93    3.71155
0.82626   92.8  4.04703
0.82626   92.6  4.13637
0.82626   92.4  3.72858
0.82626   92.2  2.91921
0.82626   92    1.98067
0.82626   91.8  1.25512
0.82626   91.6  0.884741
0.82626   91.4  0.777171
0.82626   91.2  0.763762
0.82626   91    0.632242
0.82626   90.8  0.212095
0.82626   90.6  -0.393941
0.82626   90.4  -0.837973
0.82626   90.2  -0.835077
0.82626   90    -0.531684
0.82626   89.8  -0.257883
0.82626   89.6  -0.0562752
0.82626   89.4  0.303265
0.82626   89.2  1.0339
0.82626   89    2.12214
0.82626   88.8  3.37368
0.82626   88.6  4.56654
0.82626   88.4  5.48744
0.82626   88.2  6.15916
0.82626   88    6.36375
0.82626   87.8  6.04983
0.82626   87.6  5.45477
0.82626   87.4  4.83735
0.82626   87.2  4.34762
0.82626   87    4.04985
0.82626   86.8  3.89985
0.82626   86.6  3.74738
0.82626   86.4  3.51582
0.82626   86.2  3.32758
0.82626   86    3.25946
0.82626   85.8  3.35381
0.82626   85.6  3.54187
0.82626   85.4  3.57744
0.82626   85.2  3.23281
0.82626   85    2.41678
0.82626   84.8  1.19639
0.82626   84.6  -0.133775
0.82626   84.4  -1.27044
0.82626   84.2  -2.03449
0.82626   84    -2.34337
0.819165  96    4.05639
0.819165  95.8  3.86116
0.819165  95.6  3.74559
0.819165  95.4  3.71205
0.819165  95.2  3.70551
0.819165  95    3.68027
0.819165  94.8  3.63896
0.819165  94.6  3.57261
0.819165  94.4  3.52064
0.819165  94.2  3.58323
0.819165  94    3.85818
0.819165  93.8  4.04878
0.819165  93.6  3.96489
0.819165  93.4  3.63802
0.819165  93.2  3.45385
0.819165  93    3.60184
0.819165  92.8  3.90011
0.819165  92.6  4.00077
0.819165  92.4  3.64072
0.819165  92.2  2.88201
0.819165  92    1.97408
0.819165  91.8  1.25504
0.819165  91.6  0.879295
0.819165  91.4  0.765474
0.819165  91.2  0.753319
0.819165  91    0.628141
0.819165  90.8  0.214811
0.819165  90.6  -0.38408
0.819165  90.4  -0.826912
0.819165  90.2  -0.832525
0.819165  90    -0.541844
0.819165  89.8  -0.268815
0.819165  89.6  -0.055155
0.819165  89.4  0.313574
0.819165  89.2  1.0467
0.819165  89    2.13177
0.819165  88.8  3.37553
0.819165  88.6  4.56188
0.819165  88.4  5.4831
0.819165  88.2  6.16779
0.819165  88    6.38252
0.819165  87.8  6.06885
0.819165  87.6  5.47469
0.819165  87.4  4.88867
0.819165  87.2  4.43417
0.819165  87    4.13763
0.819165  86.8  3.95311
0.819165  86.6  3.76115
0.819165  86.4  3.51313
0.819165  86.2  3.3278
0.819165  86    3.26842
0.819165  85.8  3.36701
0.819165  85.6  3.55522
0.819165  85.4  3.58769
0.819165  85.2  3.23747
0.819165  85    2.40616
0.819165  84.8  1.14269
0.819165  84.6  -0.241853
0.819165  84.4  -1.41374
0.819165  84.2  -2.15011
0.819165  84    -2.37808
0.81207   96    3.32422
0.81207   95.8  3.07887
0.81207   95.6  2.84977
0.81207   95.4  2.6568
0.81207   95.2  2.50296
0.81207   95    2.40266
0.81207   94.8  2.39132
0.81207   94.6  2.43973
0.81207   94.4  2.48995
0.81207   94.2  2.47934
0.81207   94    2.43188
0.81207   93.8  2.32963
0.81207   93.6  2.14841
0.81207   93.4  1.87661
0.81207   93.2  1.45511
0.81207   93    1.02721
0.81207   92.8  0.74893
0.81207   92.6  0.746975
0.81207   92.4  0.940463
0.81207   92.2  1.27197
0.81207   92    1.75489
0.81207   91.8  2.39312
0.81207   91.6  3.30639
0.81207   91.4  4.28643
0.81207   91.2  4.98275
0.81207   91    5.18495
0.81207   90.8  4.81338
0.81207   90.6  4.07481
0.81207   90.4  3.35385
0.81207   90.2  2.94472
0.81207   90    2.94758
0.81207   89.8  3.16091
0.81207   89.6  3.41731
0.81207   89.4  3.60876
0.81207   89.2  3.69692
0.81207   89    3.72704
0.81207   88.8  3.65707
0.81207   88.6  3.6316
0.81207   88.4  3.85788
0.81207   88.2  4.18485
0.81207   88    4.33018
0.81207   87.8  4.21542
0.81207   87.6  4.07104
0.81207   87.4  4.24319
0.81207   87.2  4.58472
0.81207   87    4.881
0.81207   86.8  4.88749
0.81207   86.6  4.6022
0.81207   86.4  4.2699
0.81207   86.2  3.85778
0.81207   86    3.33131
0.81207   85.8  2.61524
0.81207   85.6  1.73045
0.81207   85.4  0.833654
0.81207   85.2  0.128878
0.81207   85    -0.172946
0.81207   84.8  0.00416192
0.81207   84.6  0.501589
0.81207   84.4  0.851329
0.81207   84.2  0.649922
0.81207   84    0.0395958
0.804991  96    3.32761
0.804991  95.8  3.0731
0.804991  95.6  2.8414
0.804991  95.4  2.65123
0.804991  95.2  2.5021
0.804991  95    2.40373
0.804991  94.8  2.39506
0.804991  94.6  2.44427
0.804991  94.4  2.49266
0.804991  94.2  2.48003
0.804991  94    2.42726
0.804991  93.8  2.29918
0.804991  93.6  2.07089
0.804991  93.4  1.75913
0.804991  93.2  1.33857
0.804991  93    0.952109
0.804991  92.8  0.725973
0.804991  92.6  0.749929
0.804991  92.4  0.941652
0.804991  92.2  1.26531
0.804991  92    1.74826
0.804991  91.8  2.39541
0.804991  91.6  3.31445
0.804991  91.4  4.28085
0.804991  91.2  4.94857
0.804991  91    5.1426
0.804991  90.8  4.81285
0.804991  90.6  4.13249
0.804991  90.4  3.45385
0.804991  90.2  3.04265
0.804991  90    3.00856
0.804991  89.8  3.18692
0.804991  89.6  3.42933
0.804991  89.4  3.63157
0.804991  89.2  3.73873
0.804991  89    3.77969
0.804991  88.8  3.70672
0.804991  88.6  3.65614
0.804991  88.4  3.83249
0.804991  88.2  4.10177
0.804991  88    4.23599
0.804991  87.8  4.16361
0.804991  87.6  4.05981
0.804991  87.4  4.22213
0.804991  87.2  4.54606
0.804991  87    4.87466
0.804991  86.8  4.95831
0.804991  86.6  4.72115
0.804991  86.4  4.36447
0.804991  86.2  3.89975
0.804991  86    3.34347
0.804991  85.8  2.62873
0.804991  85.6  1.7475
0.804991  85.4  0.84192
0.804991  85.2  0.121838
0.804991  85    -0.184039
0.804991  84.8  0.0278493
0.804991  84.6  0.598108
0.804991  84.4  1.00611
0.804991  84.2  0.80074
0.804991  84    0.152743
0.797897  96    0.0650977
0.797897  95.8  0.227767
0.797897  95.6  0.470908
0.797897  95.4  0.788184
0.797897  95.2  1.19473
0.797897  95    1.73687
0.797897  94.8  2.38842
0.797897  94.6  3.00334
0.797897  94.4  3.45475
0.797897  94.2  3.66657
0.797897  94    3.70159
0.797897  93.8  3.61194
0.797897  93.6  3.4466
0.797897  93.4  3.20216
0.797897  93.2  2.80634
0.797897  93    2.31653
0.797897  92.8  1.8783
0.797897  92.6  1.59963
0.797897  92.4  1.45207
0.797897  92.2  1.43923
0.797897  92    1.57356
0.797897  91.8  1.85333
0.797897  91.6  2.32995
0.797897  91.4  3.01314
0.797897  91.2  3.79254
0.797897  91    4.41991
0.797897  90.8  4.63721
0.797897  90.6  4.46656
0.797897  90.4  4.12275
0.797897  90.2  3.87864
0.797897  90    3.90318
0.797897  89.8  4.15314
0.797897  89.6  4.5453
0.797897  89.4  5.00664
0.797897  89.2  5.45886
0.797897  89    5.86851
0.797897  88.8  6.13811
0.797897  88.6  6.23233
0.797897  88.4  6.17723
0.797897  88.2  6.01623
0.797897  88    5.7988
0.797897  87.8  5.56639
0.797897  87.6  5.35507
0.797897  87.4  5.25178
0.797897  87.2  5.26733
0.797897  87    5.3454
0.797897  86.8  5.36092
0.797897  86.6  5.14001
0.797897  86.4  4.64653
0.797897  86.2  3.98709
0.797897  86    3.28307
0.797897  85.8  2.62563
0.797897  85.6  1.965
0.797897  85.4  1.29386
0.797897  85.2  0.594906
0.797897  85    -0.121074
0.797897  84.8  -0.850073
0.797897  84.6  -1.52972
0.797897  84.4  -2.07444
0.797897  84.2  -2.4138
0.797897  84    -2.51858
0.790802  96    0.0547458
0.790802  95.8  0.256341
0.790802  95.6  0.552082
0.790802  95.4  0.919646
0.790802  95.2  1.34719
0.790802  95    1.85886
0.790802  94.8  2.45234
0.790802  94.6  3.02092
0.790802  94.4  3.4541
0.790802  94.2  3.66599
0.790802  94    3.70211
0.790802  93.8  3.6125
0.790802  93.6  3.44671
0.790802  93.4  3.20216
0.790802  93.2  2.80634
0.790802  93    2.31653
0.790802  92.8  1.87968
0.790802  92.6  1.60555
0.790802  92.4  1.46304
0.790802  92.2  1.44818
0.790802  92    1.5759
0.790802  91.8  1.85336
0.790802  91.6  2.32778
0.790802  91.4  2.98673
0.790802  91.2  3.71077
0.790802  91    4.28237
0.790802  90.8  4.49348
0.790802  90.6  4.36941
0.790802  90.4  4.08504
0.790802  90.2  3.87583
0.790802  90    3.9039
0.790802  89.8  4.1486
0.790802  89.6  4.54672
0.790802  89.4  5.03593
0.790802  89.2  5.51346
0.790802  89    5.89486
0.790802  88.8  6.07926
0.790802  88.6  6.08903
0.790802  88.4  6.03491
0.790802  88.2  5.95095
0.790802  88    5.79615
0.790802  87.8  5.57318
0.790802  87.6  5.35611
0.790802  87.4  5.27964
0.790802  87.2  5.33636
0.790802  87    5.43167
0.790802  86.8  5.42625
0.790802  86.6  5.16602
0.790802  86.4  4.63353
0.790802  86.2  3.93018
0.790802  86    3.18569
0.790802  85.8  2.5083
0.790802  85.6  1.86472
0.790802  85.4  1.245
0.790802  85.2  0.616977
0.790802  85    -0.0432798
0.790802  84.8  -0.755712
0.790802  84.6  -1.46045
0.790802  84.4  -2.049
0.790802  84.2  -2.42234
0.790802  84    -2.5407
0.783707  96    1.87475
0.783707  95.8  2.19332
0.783707  95.6  2.47465
0.783707  95.4  2.68623
0.783707  95.2  2.81955
0.783707  95    2.89543
0.783707  94.8  2.97449
0.783707  94.6  3.10432
0.783707  94.4  3.25307
0.783707  94.2  3.32287
0.783707  94    3.28295
0.783707  93.8  3.06687
0.783707  93.6  2.67481
0.783707  93.4  2.16916
0.783707  93.2  1.54022
0.783707  93    0.924456
0.783707  92.8  0.474513
0.783707  92.6  0.305732
0.783707  92.4  0.382149
0.783707  92.2  0.675678
0.783707  92    1.14757
0.783707  91.8  1.71192
0.783707  91.6  2.38134
0.783707  91.4  3.11372
0.783707  91.2  3.84086
0.783707  91    4.54301
0.783707  90.8  5.32444
0.783707  90.6  6.16549
0.783707  90.4  6.77494
0.783707  90.2  6.90766
0.783707  90    6.49188
0.783707  89.8  5.64921
0.783707  89.6  4.72703
0.783707  89.4  4.0177
0.783707  89.2  3.68365
0.783707  89    3.55295
0.783707  88.8  3.31998
0.783707  88.6  2.94163
0.783707  88.4  2.57119
0.783707  88.2  2.27812
0.783707  88    2.17626
0.783707  87.8  2.30841
0.783707  87.6  2.64015
0.783707  87.4  3.2051
0.783707  87.2  3.86425
0.783707  87    4.42808
0.783707  86.8  4.76437
0.783707  86.6  4.88936
0.783707  86.4  4.88383
0.783707  86.2  4.73817
0.783707  86    4.41778
0.783707  85.8  3.878
0.783707  85.6  3.14882
0.783707  85.4  2.31383
0.783707  85.2  1.42609
0.783707  85    0.507263
0.783707  84.8  -0.54449
0.783707  84.6  -1.67077
0.783707  84.4  -2.71356
0.783707  84.2  -3.48098
0.783707  84    -3.82732
0.776613  96    1.88702
0.776613  95.8  2.17195
0.776613  95.6  2.44562
0.776613  95.4  2.67348
0.776613  95.2  2.82499
0.776613  95    2.9079
0.776613  94.8  2.98773
0.776613  94.6  3.11251
0.776613  94.4  3.25497
0.776613  94.2  3.32226
0.776613  94    3.28647
0.776613  93.8  3.08174
0.776613  93.6  2.69863
0.776613  93.4  2.18068
0.776613  93.2  1.50025
0.776613  93    0.815849
0.776613  92.8  0.326284
0.776613  92.6  0.177819
0.776613  92.4  0.318932
0.776613  92.2  0.668726
0.776613  92    1.15859
0.776613  91.8  1.70949
0.776613  91.6  2.34185
0.776613  91.4  3.04361
0.776613  91.2  3.77399
0.776613  91    4.50774
0.776613  90.8  5.31928
0.776613  90.6  6.16673
0.776613  90.4  6.77135
0.776613  90.2  6.89867
0.776613  90    6.47182
0.776613  89.8  5.59331
0.776613  89.6  4.60843
0.776613  89.4  3.82143
0.776613  89.2  3.43073
0.776613  89    3.30976
0.776613  88.8  3.16099
0.776613  88.6  2.89893
0.776613  88.4  2.60988
0.776613  88.2  2.35655
0.776613  88    2.24691
0.776613  87.8  2.33895
0.776613  87.6  2.63697
0.776613  87.4  3.19504
0.776613  87.2  3.86323
0.776613  87    4.43532
0.776613  86.8  4.77026
0.776613  86.6  4.89063
0.776613  86.4  4.88343
0.776613  86.2  4.73523
0.776613  86    4.41552
0.776613  85.8  3.89521
0.776613  85.6  3.2169
0.776613  85.4  2.43704
0.776613  85.2  1.5633
0.776613  85    0.605821
0.776613  84.8  -0.497202
0.776613  84.6  -1.65204
0.776613  84.4  -2.70507
0.776613  84.2  -3.4888
0.776613  84    -3.85693
0.769534  96    1.66385
0.769534  95.8  2.17422
0.769534  95.6  2.83259
0.769534  95.4  3.54162
0.769534  95.2  4.14164
0.769534  95    4.50748
0.769534  94.8  4.67711
0.769534  94.6  4.72805
0.769534  94.4  4.72228
0.769534  94.2  4.68529
0.769534  94    4.526
0.769534  93.8  4.32031
0.769534  93.6  4.18891
0.769534  93.4  4.19924
0.769534  93.2  4.32235
0.769534  93    4.47619
0.769534  92.8  4.61837
0.769534  92.6  4.72693
0.769534  92.4  4.86682
0.769534  92.2  5.04109
0.769534  92    5.19927
0.769534  91.8  5.27904
0.769534  91.6  5.22555
0.769534  91.4  5.12283
0.769534  91.2  5.08052
0.769534  91    5.16106
0.769534  90.8  5.39528
0.769534  90.6  5.71691
0.769534  90.4  6.00627
0.769534  90.2  6.13168
0.769534  90    5.971
0.769534  89.8  5.54612
0.769534  89.6  4.98635
0.769534  89.4  4.46648
0.769534  89.2  4.10151
0.769534  89    3.77558
0.769534  88.8  3.40616
0.769534  88.6  2.98815
0.769534  88.4  2.57628
0.769534  88.2  2.20941
0.769534  88    1.95888
0.769534  87.8  1.85932
0.769534  87.6  1.89802
0.769534  87.4  2.09832
0.769534  87.2  2.4443
0.769534  87    2.88375
0.769534  86.8  3.27805
0.769534  86.6  3.47997
0.769534  86.4  3.4982
0.769534  86.2  3.42468
0.769534  86    3.34417
0.769534  85.8  3.26539
0.769534  85.6  3.09377
0.769534  85.4  2.81916
0.769534  85.2  2.49226
0.769534  85    2.11736
0.769534  84.8  1.61646
0.769534  84.6  0.936276
0.769534  84.4  0.152356
0.769534  84.2  -0.597501
0.769534  84    -1.25474
0.762439  96    1.6668
0.762439  95.8  2.15646
0.762439  95.6  2.76716
0.762439  95.4  3.42019
0.762439  95.2  3.98021
0.762439  95    4.3465
0.762439  94.8  4.55093
0.762439  94.6  4.65324
0.762439  94.4  4.70003
0.762439  94.2  4.70759
0.762439  94    4.5976
0.762439  93.8  4.42388
0.762439  93.6  4.28822
0.762439  93.4  4.26239
0.762439  93.2  4.34423
0.762439  93    4.47739
0.762439  92.8  4.61708
0.762439  92.6  4.72748
0.762439  92.4  4.87057
0.762439  92.2  5.04506
0.762439  92    5.20057
0.762439  91.8  5.27912
0.762439  91.6  5.23164
0.762439  91.4  5.13604
0.762439  91.2  5.09289
0.762439  91    5.16534
0.762439  90.8  5.3941
0.762439  90.6  5.72046
0.762439  90.4  6.01619
0.762439  90.2  6.14255
0.762439  90    5.97602
0.762439  89.8  5.54574
0.762439  89.6  4.98656
0.762439  89.4  4.46781
0.762439  89.2  4.09315
0.762439  89    3.72893
0.762439  88.8  3.29902
0.762439  88.6  2.83128
0.762439  88.4  2.42229
0.762439  88.2  2.11139
0.762439  88    1.92496
0.762439  87.8  1.86067
0.762439  87.6  1.89359
0.762439  87.4  2.054
0.762439  87.2  2.36225
0.762439  87    2.79824
0.762439  86.8  3.22479
0.762439  86.6  3.46928
0.762439  86.4  3.51039
0.762439  86.2  3.43718
0.762439  86    3.34696
0.762439  85.8  3.25926
0.762439  85.6  3.09398
0.762439  85.4  2.83486
0.762439  85.2  2.51578
0.762439  85    2.12398
0.762439  84.8  1.57508
0.762439  84.6  0.836764
0.762439  84.4  0.0144427
0.762439  84.2  -0.729934
0.762439  84    -1.34287
0.755345  96    2.06802
0.755345  95.8  2.0464
0.755345  95.6  1.89131
0.755345  95.4  1.71626
0.755345  95.2  1.65731
0.755345  95    1.80217
0.755345  94.8  2.09116
0.755345  94.6  2.51001
0.755345  94.4  3.01739
0.755345  94.2  3.58123
0.755345  94    4.23895
0.755345  93.8  4.7767
0.755345  93.6  5.04079
0.755345  93.4  4.99525
0.755345  93.2  4.82204
0.755345  93    4.66401
0.755345  92.8  4.52971
0.755345  92.6  4.34992
0.755345  92.4  4.0301
0.755345  92.2  3.61253
0.755345  92    3.20648
0.755345  91.8  2.94955
0.755345  91.6  2.89002
0.755345  91.4  2.97909
0.755345  91.2  3.17654
0.755345  91    3.41596
0.755345  90.8  3.68473
0.755345  90.6  4.0005
0.755345  90.4  4.30199
0.755345  90.2  4.54721
0.755345  90    4.73191
0.755345  89.8  4.86382
0.755345  89.6  4.90566
0.755345  89.4  4.784
0.755345  89.2  4.46553
0.755345  89    4.01028
0.755345  88.8  3.46839
0.755345  88.6  2.89356
0.755345  88.4  2.29506
0.755345  88.2  1.55047
0.755345  88    0.732673
0.755345  87.8  0.0013164
0.755345  87.6  -0.43155
0.755345  87.4  -0.468084
0.755345  87.2  -0.215454
0.755345  87    0.16345
0.755345  86.8  0.518817
0.755345  86.6  0.85783
0.755345  86.4  1.22174
0.755345  86.2  1.54224
0.755345  86    1.77724
0.755345  85.8  1.9209
0.755345  85.6  2.01077
0.755345  85.4  2.01621
0.755345  85.2  1.87007
0.755345  85    1.54949
0.755345  84.8  1.11387
0.755345  84.6  0.598702
0.755345  84.4  0.0276374
0.755345  84.2  -0.612673
0.755345  84    -1.287
0.74825   96    2.07642
0.74825   95.8  2.05723
0.74825   95.6  1.89848
0.74825   95.4  1.7177
0.74825   95.2  1.65703
0.74825   95    1.79985
0.74825   94.8  2.06502
0.74825   94.6  2.43089
0.74825   94.4  2.88203
0.74825   94.2  3.44068
0.74825   94    4.16905
0.74825   93.8  4.81964
0.74825   93.6  5.18978
0.74825   93.4  5.18762
0.74825   93.2  4.98976
0.74825   93    4.7625
0.74825   92.8  4.55421
0.74825   92.6  4.33037
0.74825   92.4  3.99189
0.74825   92.2  3.57773
0.74825   92    3.1902
0.74825   91.8  2.95157
0.74825   91.6  2.89908
0.74825   91.4  2.98573
0.74825   91.2  3.17858
0.74825   91    3.41598
0.74825   90.8  3.6847
0.74825   90.6  4.00007
0.74825   90.4  4.30101
0.74825   90.2  4.54714
0.74825   90    4.73077
0.74825   89.8  4.86007
0.74825   89.6  4.90686
0.74825   89.4  4.81169
0.74825   89.2  4.53017
0.74825   89    4.0926
0.74825   88.8  3.53317
0.74825   88.6  2.91419
0.74825   88.4  2.27127
0.74825   88.2  1.49475
0.74825   88    0.677946
0.74825   87.8  -0.0230073
0.74825   87.6  -0.427866
0.74825   87.4  -0.462782
0.74825   87.2  -0.223658
0.74825   87    0.14924
0.74825   86.8  0.512811
0.74825   86.6  0.860286
0.74825   86.4  1.21919
0.74825   86.2  1.53548
0.74825   86    1.7756
0.74825   85.8  1.9255
0.74825   85.6  2.01248
0.74825   85.4  2.01861
0.74825   85.2  1.90504
0.74825   85    1.63445
0.74825   84.8  1.22029
0.74825   84.6  0.678238
0.74825   84.4  0.0539048
0.74825   84.2  -0.619047
0.74825   84    -1.27897
0.741155  96    2.37264
0.741155  95.8  2.4883
0.741155  95.6  2.57573
0.741155  95.4  2.66324
0.741155  95.2  2.80734
0.741155  95    3.04625
0.741155  94.8  3.38287
0.741155  94.6  3.74327
0.741155  94.4  4.05991
0.741155  94.2  4.29668
0.741155  94    4.48082
0.741155  93.8  4.65291
0.741155  93.6  4.83189
0.741155  93.4  4.97806
0.741155  93.2  5.00401
0.741155  93    4.90797
0.741155  92.8  4.78886
0.741155  92.6  4.73826
0.741155  92.4  4.72388
0.741155  92.2  4.65587
0.741155  92    4.49433
0.741155  91.8  4.26128
0.741155  91.6  3.974
0.741155  91.4  3.65455
0.741155  91.2  3.33672
0.741155  91    3.04903
0.741155  90.8  2.8058
0.741155  90.6  2.60176
0.741155  90.4  2.42669
0.741155  90.2  2.28411
0.741155  90    2.17827
0.741155  89.8  2.10185
0.741155  89.6  2.05743
0.741155  89.4  2.06459
0.741155  89.2  2.11999
0.741155  89    2.19497
0.741155  88.8  2.24763
0.741155  88.6  2.29026
0.741155  88.4  2.37171
0.741155  88.2  2.53409
0.741155  88    2.73113
0.741155  87.8  2.88863
0.741155  87.6  2.93731
0.741155  87.4  2.88461
0.741155  87.2  2.77539
0.741155  87    2.63788
0.741155  86.8  2.45616
0.741155  86.6  2.15002
0.741155  86.4  1.71241
0.741155  86.2  1.24733
0.741155  86    0.834107
0.741155  85.8  0.484147
0.741155  85.6  0.110541
0.741155  85.4  -0.294944
0.741155  85.2  -0.702152
0.741155  85    -1.09897
0.741155  84.8  -1.527
0.741155  84.6  -1.98756
0.741155  84.4  -2.40665
0.741155  84.2  -2.71425
0.741155  84    -2.89519
0.734076  96    2.36952
0.734076  95.8  2.50541
0.734076  95.6  2.63952
0.734076  95.4  2.78551
0.734076  95.2  2.97492
0.734076  95    3.21413
0.734076  94.8  3.50204
0.734076  94.6  3.78926
0.734076  94.4  4.05292
0.734076  94.2  4.30956
0.734076  94    4.59936
0.734076  93.8  4.92711
0.734076  93.6  5.25398
0.734076  93.4  5.49061
0.734076  93.2  5.56
0.734076  93    5.4598
0.734076  92.8  5.27397
0.734076  92.6  5.09315
0.734076  92.4  4.91648
0.734076  92.2  4.7225
0.734076  92    4.5034
0.734076  91.8  4.26136
0.734076  91.6  3.97668
0.734076  91.4  3.65768
0.734076  91.2  3.33789
0.734076  91    3.04903
0.734076  90.8  2.8058
0.734076  90.6  2.60167
0.734076  90.4  2.4262
0.734076  90.2  2.28388
0.734076  90    2.18017
0.734076  89.8  2.10627
0.734076  89.6  2.05621
0.734076  89.4  2.03969
0.734076  89.2  2.06264
0.734076  89    2.12392
0.734076  88.8  2.19456
0.734076  88.6  2.27348
0.734076  88.4  2.37583
0.734076  88.2  2.5251
0.734076  88    2.70463
0.734076  87.8  2.86492
0.734076  87.6  2.94714
0.734076  87.4  2.96249
0.734076  87.2  2.94725
0.734076  87    2.91286
0.734076  86.8  2.81028
0.734076  86.6  2.52947
0.734076  86.4  2.05236
0.734076  86.2  1.48307
0.734076  86    0.941207
0.734076  85.8  0.478948
0.734076  85.6  0.044066
0.734076  85.4  -0.352176
0.734076  85.2  -0.701325
0.734076  85    -1.0291
0.734076  84.8  -1.38031
0.734076  84.6  -1.78249
0.734076  84.4  -2.18494
0.734076  84.2  -2.51408
0.734076  84    -2.7433
0.726982  96    2.36134
0.726982  95.8  2.49443
0.726982  95.6  2.63177
0.726982  95.4  2.78367
0.726982  95.2  2.97557
0.726982  95    3.21263
0.726982  94.8  3.50243
0.726982  94.6  3.79864
0.726982  94.4  4.06404
0.726982  94.2  4.28407
0.726982  94    4.48023
0.726982  93.8  4.67054
0.726982  93.6  4.84965
0.726982  93.4  4.9809
0.726982  93.2  4.99514
0.726982  93    4.89936
0.726982  92.8  4.78728
0.726982  92.6  4.7378
0.726982  92.4  4.72084
0.726982  92.2  4.65216
0.726982  92    4.49289
0.726982  91.8  4.26128
0.726982  91.6  3.97467
0.726982  91.4  3.65623
0.726982  91.2  3.33788
0.726982  91    3.04905
0.726982  90.8  2.80572
0.726982  90.6  2.60129
0.726982  90.4  2.42536
0.726982  90.2  2.28382
0.726982  90    2.17903
0.726982  89.8  2.10252
0.726982  89.6  2.05741
0.726982  89.4  2.06743
0.726982  89.2  2.12604
0.726982  89    2.19843
0.726982  88.8  2.24476
0.726982  88.6  2.28746
0.726982  88.4  2.38842
0.726982  88.2  2.59845
0.726982  88    2.87196
0.726982  87.8  3.12088
0.726982  87.6  3.25018
0.726982  87.4  3.24575
0.726982  87.2  3.1613
0.726982  87    3.02806
0.726982  86.8  2.83471
0.726982  86.6  2.51095
0.726982  86.4  2.04352
0.726982  86.2  1.49597
0.726982  86    0.954678
0.726982  85.8  0.47789
0.726982  85.6  0.0405084
0.726982  85.4  -0.353172
0.726982  85.2  -0.727774
0.726982  85    -1.10011
0.726982  84.8  -1.47349
0.726982  84.6  -1.8534
0.726982  84.4  -2.20967
0.726982  84.2  -2.51107
0.726982  84    -2.73629
0.719887  96    2.19349
0.719887  95.8  2.27087
0.719887  95.6  2.36087
0.719887  95.4  2.48539
0.719887  95.2  2.67371
0.719887  95    2.94121
0.719887  94.8  3.28151
0.719887  94.6  3.64357
0.719887  94.4  3.98699
0.719887  94.2  4.2973
0.719887  94    4.60378
0.719887  93.8  4.93101
0.719887  93.6  5.25365
0.719887  93.4  5.49245
0.719887  93.2  5.56574
0.719887  93    5.46103
0.719887  92.8  5.26705
0.719887  92.6  5.08039
0.719887  92.4  4.90233
0.719887  92.2  4.71256
0.719887  92    4.5005
0.719887  91.8  4.26144
0.719887  91.6  3.98366
0.719887  91.4  3.67497
0.719887  91.2  3.35691
0.719887  91    3.04687
0.719887  90.8  2.7432
0.719887  90.6  2.45891
0.719887  90.4  2.23675
0.719887  90.2  2.11039
0.719887  90    2.06681
0.719887  89.8  2.05807
0.719887  89.6  2.06061
0.719887  89.4  2.0896
0.719887  89.2  2.14757
0.719887  89    2.20944
0.719887  88.8  2.24723
0.719887  88.6  2.2875
0.719887  88.4  2.38577
0.719887  88.2  2.5804
0.719887  88    2.84918
0.719887  87.8  3.11043
0.719887  87.6  3.25119
0.719887  87.4  3.23418
0.719887  87.2  3.12359
0.719887  87    2.98388
0.719887  86.8  2.81104
0.719887  86.6  2.50675
0.719887  86.4  2.03014
0.719887  86.2  1.46828
0.719887  86    0.936491
0.719887  85.8  0.509892
0.719887  85.6  0.163179
0.719887  85.4  -0.127153
0.719887  85.2  -0.407587
0.719887  85    -0.720859
0.719887  84.8  -1.0702
0.719887  84.6  -1.4633
0.719887  84.4  -1.86969
0.719887  84.2  -2.26651
0.719887  84    -2.63182
0.712792  96    2.09225
0.712792  95.8  2.11197
0.712792  95.6  2.19781
0.712792  95.4  2.30005
0.712792  95.2  2.3917
0.712792  95    2.47675
0.712792  94.8  2.61368
0.712792  94.6  2.80322
0.712792  94.4  2.99216
0.712792  94.2  3.10263
0.712792  94    3.1539
0.712792  93.8  3.16936
0.712792  93.6  3.17834
0.712792  93.4  3.15878
0.712792  93.2  3.09817
0.712792  93    3.0213
0.712792  92.8  2.9611
0.712792  92.6  2.92758
0.712792  92.4  2.89409
0.712792  92.2  2.82795
0.712792  92    2.72978
0.712792  91.8  2.63356
0.712792  91.6  2.55967
0.712792  91.4  2.49711
0.712792  91.2  2.43399
0.712792  91    2.36571
0.712792  90.8  2.28822
0.712792  90.6  2.19317
0.712792  90.4  2.0844
0.712792  90.2  1.96478
0.712792  90    1.84844
0.712792  89.8  1.74043
0.712792  89.6  1.63747
0.712792  89.4  1.5185
0.712792  89.2  1.36678
0.712792  89    1.19117
0.712792  88.8  1.01937
0.712792  88.6  0.876855
0.712792  88.4  0.7815
0.712792  88.2  0.736089
0.712792  88    0.72558
0.712792  87.8  0.720226
0.712792  87.6  0.680296
0.712792  87.4  0.60073
0.712792  87.2  0.484537
0.712792  87    0.334129
0.712792  86.8  0.156359
0.712792  86.6  -0.0429857
0.712792  86.4  -0.248693
0.712792  86.2  -0.446147
0.712792  86    -0.636912
0.712792  85.8  -0.819902
0.712792  85.6  -1.00558
0.712792  85.4  -1.18329
0.712792  85.2  -1.33171
0.712792  85    -1.44131
0.712792  84.8  -1.53364
0.712792  84.6  -1.61005
0.712792  84.4  -1.65923
0.712792  84.2  -1.67043
0.712792  84    -1.64025
0.705698  96    2.39698
0.705698  95.8  2.40712
0.705698  95.6  2.40277
0.705698  95.4  2.39251
0.705698  95.2  2.44407
0.705698  95    2.61654
0.705698  94.8  2.91177
0.705698  94.6  3.26225
0.705698  94.4  3.55871
0.705698  94.2  3.68761
0.705698  94    3.61056
0.705698  93.8  3.42109
0.705698  93.6  3.23658
0.705698  93.4  3.11604
0.705698  93.2  3.04493
0.705698  93    2.99818
0.705698  92.8  2.96267
0.705698  92.6  2.92278
0.705698  92.4  2.86928
0.705698  92.2  2.80235
0.705698  92    2.72228
0.705698  91.8  2.63327
0.705698  91.6  2.53211
0.705698  91.4  2.41552
0.705698  91.2  2.29475
0.705698  91    2.19699
0.705698  90.8  2.14265
0.705698  90.6  2.10715
0.705698  90.4  2.05947
0.705698  90.2  1.97282
0.705698  90    1.85672
0.705698  89.8  1.74112
0.705698  89.6  1.63102
0.705698  89.4  1.49736
0.705698  89.2  1.34154
0.705698  89    1.19585
0.705698  88.8  1.08307
0.705698  88.6  1.00988
0.705698  88.4  0.96346
0.705698  88.2  0.946689
0.705698  88    0.93811
0.705698  87.8  0.909727
0.705698  87.6  0.840959
0.705698  87.4  0.728684
0.705698  87.2  0.57589
0.705698  87    0.385801
0.705698  86.8  0.174791
0.705698  86.6  -0.0463827
0.705698  86.4  -0.279501
0.705698  86.2  -0.531597
0.705698  86    -0.792084
0.705698  85.8  -1.00414
0.705698  85.6  -1.1309
0.705698  85.4  -1.19213
0.705698  85.2  -1.24441
0.705698  85    -1.32378
0.705698  84.8  -1.40823
0.705698  84.6  -1.46996
0.705698  84.4  -1.50975
0.705698  84.2  -1.54435
0.705698  84    -1.56777
0.698619  96    2.09329
0.698619  95.8  2.10602
0.698619  95.6  2.17954
0.698619  95.4  2.28502
0.698619  95.2  2.42719
0.698619  95    2.62381
0.698619  94.8  2.90771
0.698619  94.6  3.25108
0.698619  94.4  3.55572
0.698619  94.2  3.68761
0.698619  94    3.61017
0.698619  93.8  3.41759
0.698619  93.6  3.22773
0.698619  93.4  3.1042
0.698619  93.2  3.03668
0.698619  93    2.99716
0.698619  92.8  2.96375
0.698619  92.6  2.91585
0.698619  92.4  2.85528
0.698619  92.2  2.79041
0.698619  92    2.71854
0.698619  91.8  2.63328
0.698619  91.6  2.53673
0.698619  91.4  2.44838
0.698619  91.2  2.38396
0.698619  91    2.33862
0.698619  90.8  2.28678
0.698619  90.6  2.20434
0.698619  90.4  2.09753
0.698619  90.2  1.97586
0.698619  90    1.85307
0.698619  89.8  1.7396
0.698619  89.6  1.63105
0.698619  89.4  1.49474
0.698619  89.2  1.33428
0.698619  89    1.18754
0.698619  88.8  1.07859
0.698619  88.6  1.0095
0.698619  88.4  0.962777
0.698619  88.2  0.942919
0.698619  88    0.93381
0.698619  87.8  0.908514
0.698619  87.6  0.840774
0.698619  87.4  0.730718
0.698619  87.2  0.597623
0.698619  87    0.455778
0.698619  86.8  0.304357
0.698619  86.6  0.125149
0.698619  86.4  -0.0928022
0.698619  86.2  -0.344243
0.698619  86    -0.604558
0.698619  85.8  -0.836456
0.698619  85.6  -1.01246
0.698619  85.4  -1.13421
0.698619  85.2  -1.23679
0.698619  85    -1.33645
0.698619  84.8  -1.41706
0.698619  84.6  -1.46674
0.698619  84.4  -1.49269
0.698619  84.2  -1.50908
0.698619  84    -1.50384
0.691524  96    2.46998
0.691524  95.8  2.43346
0.691524  95.6  2.39938
0.691524  95.4  2.38876
0.691524  95.2  2.4459
0.691524  95    2.60982
0.691524  94.8  2.89361
0.691524  94.6  3.24579
0.691524  94.4  3.55532
0.691524  94.2  3.68761
0.691524  94    3.61049
0.691524  93.8  3.42087
0.691524  93.6  3.23649
0.691524  93.4  3.11604
0.691524  93.2  3.04493
0.691524  93    2.99818
0.691524  92.8  2.96267
0.691524  92.6  2.9227
0.691524  92.4  2.86668
0.691524  92.2  2.79445
0.691524  92    2.71252
0.691524  91.8  2.63563
0.691524  91.6  2.57173
0.691524  91.4  2.51213
0.691524  91.2  2.4485
0.691524  91    2.37753
0.691524  90.8  2.29598
0.691524  90.6  2.19667
0.691524  90.4  2.08427
0.691524  90.2  1.96465
0.691524  90    1.84982
0.691524  89.8  1.74713
0.691524  89.6  1.64329
0.691524  89.4  1.50374
0.691524  89.2  1.32377
0.691524  89    1.13359
0.691524  88.8  0.973073
0.691524  88.6  0.860486
0.691524  88.4  0.78921
0.691524  88.2  0.75474
0.691524  88    0.742209
0.691524  87.8  0.726436
0.691524  87.6  0.679798
0.691524  87.4  0.604227
0.691524  87.2  0.512024
0.691524  87    0.411841
0.691524  86.8  0.291779
0.691524  86.6  0.131749
0.691524  86.4  -0.0659494
0.691524  86.2  -0.294659
0.691524  86    -0.534773
0.691524  85.8  -0.754174
0.691524  85.6  -0.933398
0.691524  85.4  -1.07449
0.691524  85.2  -1.20826
0.691524  85    -1.33754
0.691524  84.8  -1.44001
0.691524  84.6  -1.49481
0.691524  84.4  -1.50651
0.691524  84.2  -1.50694
0.691524  84    -1.50735
0.684429  96    2.60127
0.684429  95.8  2.73625
0.684429  95.6  2.84959
0.684429  95.4  2.91351
0.684429  95.2  2.90943
0.684429  95    2.8273
0.684429  94.8  2.63947
0.684429  94.6  2.38828
0.684429  94.4  2.16362
0.684429  94.2  2.07175
0.684429  94    2.13072
0.684429  93.8  2.29812
0.684429  93.6  2.49117
0.684429  93.4  2.62092
0.684429  93.2  2.6594
0.684429  93    2.58098
0.684429  92.8  2.41355
0.684429  92.6  2.19973
0.684429  92.4  1.96112
0.684429  92.2  1.70983
0.684429  92    1.43573
0.684429  91.8  1.11321
0.684429  91.6  0.71583
0.684429  91.4  0.28687
0.684429  91.2  -0.122226
0.684429  91    -0.492973
0.684429  90.8  -0.844745
0.684429  90.6  -1.19318
0.684429  90.4  -1.52284
0.684429  90.2  -1.82
0.684429  90    -2.10168
0.684429  89.8  -2.37773
0.684429  89.6  -2.62971
0.684429  89.4  -2.83921
0.684429  89.2  -2.99765
0.684429  89    -3.13676
0.684429  88.8  -3.23152
0.684429  88.6  -3.21326
0.684429  88.4  -3.00216
0.684429  88.2  -2.58483
0.684429  88    -2.04754
0.684429  87.8  -1.49494
0.684429  87.6  -1.01797
0.684429  87.4  -0.628338
0.684429  87.2  -0.257171
0.684429  87    0.138033
0.684429  86.8  0.525587
0.684429  86.6  0.786412
0.684429  86.4  0.876237
0.684429  86.2  0.927201
0.684429  86    1.05259
0.684429  85.8  1.25099
0.684429  85.6  1.42344
0.684429  85.4  1.52343
0.684429  85.2  1.57302
0.684429  85    1.62092
0.684429  84.8  1.71209
0.684429  84.6  1.85976
0.684429  84.4  2.03178
0.684429  84.2  2.1853
0.684429  84    2.31728
0.677335  96    2.60249
0.677335  95.8  2.73625
0.677335  95.6  2.84959
0.677335  95.4  2.91351
0.677335  95.2  2.9094
0.677335  95    2.82721
0.677335  94.8  2.64482
0.677335  94.6  2.40753
0.677335  94.4  2.18571
0.677335  94.2  2.05074
0.677335  94    2.00572
0.677335  93.8  2.04951
0.677335  93.6  2.14637
0.677335  93.4  2.2238
0.677335  93.2  2.20285
0.677335  93    2.07021
0.677335  92.8  1.90867
0.677335  92.6  1.8011
0.677335  92.4  1.73352
0.677335  92.2  1.58927
0.677335  92    1.31305
0.677335  91.8  0.942134
0.677335  91.6  0.516676
0.677335  91.4  0.0746934
0.677335  91.2  -0.343486
0.677335  91    -0.70577
0.677335  90.8  -1.00499
0.677335  90.6  -1.27771
0.677335  90.4  -1.55847
0.677335  90.2  -1.87995
0.677335  90    -2.243
0.677335  89.8  -2.62569
0.677335  89.6  -2.95585
0.677335  89.4  -3.17529
0.677335  89.2  -3.27064
0.677335  89    -3.29738
0.677335  88.8  -3.29331
0.677335  88.6  -3.2251
0.677335  88.4  -3.01346
0.677335  88.2  -2.62242
0.677335  88    -2.10067
0.677335  87.8  -1.53096
0.677335  87.6  -1.00596
0.677335  87.4  -0.538278
0.677335  87.2  -0.0686959
0.677335  87    0.426732
0.677335  86.8  0.890618
0.677335  86.6  1.20498
0.677335  86.4  1.32474
0.677335  86.2  1.33162
0.677335  86    1.33368
0.677335  85.8  1.3606
0.677335  85.6  1.37856
0.677335  85.4  1.39911
0.677335  85.2  1.44423
0.677335  85    1.53613
0.677335  84.8  1.6836
0.677335  84.6  1.8659
0.677335  84.4  2.04254
0.677335  84.2  2.18653
0.677335  84    2.31281
0.67024   96    2.5874
0.67024   95.8  2.71357
0.67024   95.6  2.78712
0.67024   95.4  2.79999
0.67024   95.2  2.75344
0.67024   95    2.65775
0.67024   94.8  2.48768
0.67024   94.6  2.28432
0.67024   94.4  2.12054
0.67024   94.2  2.07361
0.67024   94    2.14815
0.67024   93.8  2.31068
0.67024   93.6  2.49362
0.67024   93.4  2.6195
0.67024   93.2  2.64387
0.67024   93    2.54732
0.67024   92.8  2.36909
0.67024   92.6  2.16135
0.67024   92.4  1.95729
0.67024   92.2  1.73151
0.67024   92    1.45338
0.67024   91.8  1.10902
0.67024   91.6  0.686652
0.67024   91.4  0.240253
0.67024   91.2  -0.170323
0.67024   91    -0.525008
0.67024   90.8  -0.852255
0.67024   90.6  -1.18769
0.67024   90.4  -1.53316
0.67024   90.2  -1.88809
0.67024   90    -2.25294
0.67024   89.8  -2.62927
0.67024   89.6  -2.95569
0.67024   89.4  -3.17471
0.67024   89.2  -3.2727
0.67024   89    -3.30509
0.67024   88.8  -3.30386
0.67024   88.6  -3.22879
0.67024   88.4  -2.99931
0.67024   88.2  -2.59409
0.67024   88    -2.07203
0.67024   87.8  -1.51677
0.67024   87.6  -1.0088
0.67024   87.4  -0.553867
0.67024   87.2  -0.0943151
0.67024   87    0.397457
0.67024   86.8  0.866652
0.67024   86.6  1.1918
0.67024   86.4  1.31878
0.67024   86.2  1.32617
0.67024   86    1.32247
0.67024   85.8  1.36514
0.67024   85.6  1.42932
0.67024   85.4  1.5025
0.67024   85.2  1.566
0.67024   85    1.62682
0.67024   84.8  1.724
0.67024   84.6  1.86325
0.67024   84.4  2.02471
0.67024   84.2  2.17887
0.67024   84    2.33059
0.663161  96    2.60257
0.663161  95.8  2.73625
0.663161  95.6  2.84959
0.663161  95.4  2.91351
0.663161  95.2  2.90943
0.663161  95    2.82663
0.663161  94.8  2.64071
0.663161  94.6  2.39816
0.663161  94.4  2.17463
0.663161  94.2  2.04638
0.663161  94    2.01388
0.663161  93.8  2.06431
0.663161  93.6  2.15392
0.663161  93.4  2.22057
0.663161  93.2  2.19869
0.663161  93    2.07352
0.663161  92.8  1.91565
0.663161  92.6  1.79612
0.663161  92.4  1.70318
0.663161  92.2  1.54705
0.663161  92    1.28543
0.663161  91.8  0.946542
0.663161  91.6  0.562637
0.663161  91.4  0.154608
0.663161  91.2  -0.255999
0.663161  91    -0.643265
0.663161  90.8  -0.987383
0.663161  90.6  -1.2935
0.663161  90.4  -1.56591
0.663161  90.2  -1.82411
0.663161  90    -2.09361
0.663161  89.8  -2.37184
0.663161  89.6  -2.63023
0.663161  89.4  -2.84092
0.663161  89.2  -2.99414
0.663161  89    -3.1293
0.663161  88.8  -3.22592
0.663161  88.6  -3.21208
0.663161  88.4  -3.00332
0.663161  88.2  -2.60304
0.663161  88    -2.1118
0.663161  87.8  -1.62045
0.663161  87.6  -1.17822
0.663161  87.4  -0.762598
0.663161  87.2  -0.329947
0.663161  87    0.117079
0.663161  86.8  0.52547
0.663161  86.6  0.790647
0.663161  86.4  0.885827
0.663161  86.2  0.940116
0.663161  86    1.05755
0.663161  85.8  1.22593
0.663161  85.6  1.34777
0.663161  85.4  1.40345
0.663161  85.2  1.44715
0.663161  85    1.53465
0.663161  84.8  1.68223
0.663161  84.6  1.86571
0.663161  84.4  2.04254
0.663161  84.2  2.18653
0.663161  84    2.31281
0.656067  96    0.904841
0.656067  95.8  0.867043
0.656067  95.6  0.769501
0.656067  95.4  0.649278
0.656067  95.2  0.552449
0.656067  95    0.505691
0.656067  94.8  0.502499
0.656067  94.6  0.530105
0.656067  94.4  0.571467
0.656067  94.2  0.612154
0.656067  94    0.647231
0.656067  93.8  0.690968
0.656067  93.6  0.748537
0.656067  93.4  0.800011
0.656067  93.2  0.826201
0.656067  93    0.817763
0.656067  92.8  0.786313
0.656067  92.6  0.750648
0.656067  92.4  0.692731
0.656067  92.2  0.613316
0.656067  92    0.536644
0.656067  91.8  0.495357
0.656067  91.6  0.508122
0.656067  91.4  0.549494
0.656067  91.2  0.588862
0.656067  91    0.615039
0.656067  90.8  0.640867
0.656067  90.6  0.670563
0.656067  90.4  0.696204
0.656067  90.2  0.710526
0.656067  90    0.709143
0.656067  89.8  0.716642
0.656067  89.6  0.760199
0.656067  89.4  0.844906
0.656067  89.2  0.950894
0.656067  89    1.03612
0.656067  88.8  1.11036
0.656067  88.6  1.22356
0.656067  88.4  1.44187
0.656067  88.2  1.76615
0.656067  88    2.13186
0.656067  87.8  2.48883
0.656067  87.6  2.81877
0.656067  87.4  3.16205
0.656067  87.2  3.52091
0.656067  87    3.86142
0.656067  86.8  4.15048
0.656067  86.6  4.3629
0.656067  86.4  4.51077
0.656067  86.2  4.62889
0.656067  86    4.75258
0.656067  85.8  4.89171
0.656067  85.6  5.03129
0.656067  85.4  5.1834
0.656067  85.2  5.35307
0.656067  85    5.54099
0.656067  84.8  5.73325
0.656067  84.6  5.91227
0.656067  84.4  6.07002
0.656067  84.2  6.21057
0.656067  84    6.3372
0.648972  96    0.928832
0.648972  95.8  0.881358
0.648972  95.6  0.77397
0.648972  95.4  0.649548
0.648972  95.2  0.552449
0.648972  95    0.506021
0.648972  94.8  0.505663
0.648972  94.6  0.537642
0.648972  94.4  0.577765
0.648972  94.2  0.599285
0.648972  94    0.58926
0.648972  93.8  0.574809
0.648972  93.6  0.581546
0.648972  93.4  0.609133
0.648972  93.2  0.632488
0.648972  93    0.631571
0.648972  92.8  0.610285
0.648972  92.6  0.584627
0.648972  92.4  0.558315
0.648972  92.2  0.533151
0.648972  92    0.512115
0.648972  91.8  0.494996
0.648972  91.6  0.485782
0.648972  91.4  0.482244
0.648972  91.2  0.480599
0.648972  91    0.484188
0.648972  90.8  0.513987
0.648972  90.6  0.574571
0.648972  90.4  0.64251
0.648972  90.2  0.694534
0.648972  90    0.713754
0.648972  89.8  0.72707
0.648972  89.6  0.766288
0.648972  89.4  0.845571
0.648972  89.2  0.950962
0.648972  89    1.03665
0.648972  88.8  1.11119
0.648972  88.6  1.22375
0.648972  88.4  1.44302
0.648972  88.2  1.78413
0.648972  88    2.19538
0.648972  87.8  2.61359
0.648972  87.6  2.97921
0.648972  87.4  3.2935
0.648972  87.2  3.56707
0.648972  87    3.80505
0.648972  86.8  4.02076
0.648972  86.6  4.22204
0.648972  86.4  4.41141
0.648972  86.2  4.5856
0.648972  86    4.74649
0.648972  85.8  4.9089
0.648972  85.6  5.08298
0.648972  85.4  5.286
0.648972  85.2  5.5128
0.648972  85    5.74315
0.648972  84.8  5.95265
0.648972  84.6  6.11324
0.648972  84.4  6.24196
0.648972  84.2  6.3647
0.648972  84    6.47065
0.641877  96    0.522498
0.641877  95.8  0.543874
0.641877  95.6  0.554327
0.641877  95.4  0.54883
0.641877  95.2  0.525186
0.641877  95    0.480613
0.641877  94.8  0.435011
0.641877  94.6  0.413466
0.641877  94.4  0.422244
0.641877  94.2  0.448615
0.641877  94    0.484138
0.641877  93.8  0.531343
0.641877  93.6  0.581221
0.641877  93.4  0.622963
0.641877  93.2  0.642037
0.641877  93    0.632615
0.641877  92.8  0.607727
0.641877  92.6  0.586022
0.641877  92.4  0.565075
0.641877  92.2  0.540471
0.641877  92    0.514951
0.641877  91.8  0.495052
0.641877  91.6  0.490235
0.641877  91.4  0.492538
0.641877  91.2  0.491241
0.641877  91    0.484959
0.641877  90.8  0.485754
0.641877  90.6  0.488645
0.641877  90.4  0.4594
0.641877  90.2  0.387604
0.641877  90    0.289553
0.641877  89.8  0.206288
0.641877  89.6  0.200889
0.641877  89.4  0.297962
0.641877  89.2  0.49454
0.641877  89    0.760036
0.641877  88.8  1.0449
0.641877  88.6  1.32805
0.641877  88.4  1.62039
0.641877  88.2  1.96136
0.641877  88    2.32858
0.641877  87.8  2.68444
0.641877  87.6  2.9902
0.641877  87.4  3.24358
0.641877  87.2  3.46652
0.641877  87    3.67324
0.641877  86.8  3.87394
0.641877  86.6  4.06236
0.641877  86.4  4.23023
0.641877  86.2  4.37027
0.641877  86    4.50063
0.641877  85.8  4.66485
0.641877  85.6  4.89072
0.641877  85.4  5.17801
0.641877  85.2  5.48482
0.641877  85    5.75874
0.641877  84.8  5.97842
0.641877  84.6  6.13054
0.641877  84.4  6.24611
0.641877  84.2  6.36012
0.641877  84    6.46232
0.634783  96    0.546743
0.634783  95.8  0.557496
0.634783  95.6  0.555875
0.634783  95.4  0.545913
0.634783  95.2  0.533793
0.634783  95    0.519456
0.634783  94.8  0.51597
0.634783  94.6  0.534891
0.634783  94.4  0.571789
0.634783  94.2  0.612154
0.634783  94    0.647231
0.634783  93.8  0.690968
0.634783  93.6  0.748537
0.634783  93.4  0.800011
0.634783  93.2  0.826201
0.634783  93    0.817763
0.634783  92.8  0.786443
0.634783  92.6  0.750699
0.634783  92.4  0.694643
0.634783  92.2  0.619402
0.634783  92    0.543975
0.634783  91.8  0.493028
0.634783  91.6  0.480437
0.634783  91.4  0.486449
0.634783  91.2  0.489859
0.634783  91    0.484958
0.634783  90.8  0.485744
0.634783  90.6  0.488645
0.634783  90.4  0.4594
0.634783  90.2  0.387604
0.634783  90    0.292036
0.634783  89.8  0.215039
0.634783  89.6  0.213112
0.634783  89.4  0.3043
0.634783  89.2  0.478886
0.634783  89    0.704639
0.634783  88.8  0.940002
0.634783  88.6  1.17916
0.634783  88.4  1.44578
0.634783  88.2  1.77058
0.634783  88    2.13301
0.634783  87.8  2.49443
0.634783  87.6  2.81294
0.634783  87.4  3.0961
0.634783  87.2  3.3733
0.634783  87    3.6526
0.634783  86.8  3.92639
0.634783  86.6  4.15879
0.634783  86.4  4.33757
0.634783  86.2  4.49826
0.634783  86    4.67047
0.634783  85.8  4.85413
0.634783  85.6  5.02283
0.634783  85.4  5.18479
0.634783  85.2  5.35402
0.634783  85    5.53956
0.634783  84.8  5.7263
0.634783  84.6  5.90054
0.634783  84.4  6.05946
0.634783  84.2  6.21069
0.634783  84    6.37286
0.627704  96    0.802701
0.627704  95.8  0.826548
0.627704  95.6  0.884475
0.627704  95.4  0.94189
0.627704  95.2  0.971178
0.627704  95    0.95468
0.627704  94.8  0.910841
0.627704  94.6  0.868946
0.627704  94.4  0.845715
0.627704  94.2  0.845082
0.627704  94    0.867859
0.627704  93.8  0.892301
0.627704  93.6  0.903077
0.627704  93.4  0.890817
0.627704  93.2  0.868823
0.627704  93    0.842054
0.627704  92.8  0.804124
0.627704  92.6  0.751737
0.627704  92.4  0.702459
0.627704  92.2  0.694526
0.627704  92    0.744497
0.627704  91.8  0.838227
0.627704  91.6  0.95941
0.627704  91.4  1.08011
0.627704  91.2  1.18031
0.627704  91    1.26695
0.627704  90.8  1.36325
0.627704  90.6  1.47903
0.627704  90.4  1.5974
0.627704  90.2  1.70954
0.627704  90    1.82424
0.627704  89.8  1.95409
0.627704  89.6  2.11317
0.627704  89.4  2.30567
0.627704  89.2  2.53006
0.627704  89    2.78766
0.627704  88.8  3.06013
0.627704  88.6  3.33114
0.627704  88.4  3.58995
0.627704  88.2  3.85021
0.627704  88    4.1399
0.627704  87.8  4.45934
0.627704  87.6  4.77939
0.627704  87.4  5.08347
0.627704  87.2  5.38652
0.627704  87    5.70996
0.627704  86.8  6.0402
0.627704  86.6  6.334
0.627704  86.4  6.57269
0.627704  86.2  6.7706
0.627704  86    6.95703
0.627704  85.8  7.16188
0.627704  85.6  7.38486
0.627704  85.4  7.61512
0.627704  85.2  7.83291
0.627704  85    8.02605
0.627704  84.8  8.21052
0.627704  84.6  8.39274
0.627704  84.4  8.5589
0.627704  84.2  8.68937
0.627704  84    8.79019
0.620609  96    0.802701
0.620609  95.8  0.826548
0.620609  95.6  0.884475
0.620609  95.4  0.94189
0.620609  95.2  0.971178
0.620609  95    0.95468
0.620609  94.8  0.910841
0.620609  94.6  0.868946
0.620609  94.4  0.845715
0.620609  94.2  0.845082
0.620609  94    0.867859
0.620609  93.8  0.892301
0.620609  93.6  0.903077
0.620609  93.4  0.890817
0.620609  93.2  0.868823
0.620609  93    0.842054
0.620609  92.8  0.805616
0.620609  92.6  0.757492
0.620609  92.4  0.712685
0.620609  92.2  0.706745
0.620609  92    0.753492
0.620609  91.8  0.83609
0.620609  91.6  0.942022
0.620609  91.4  1.04248
0.620609  91.2  1.11273
0.620609  91    1.16064
0.620609  90.8  1.21156
0.620609  90.6  1.28665
0.620609  90.4  1.39045
0.620609  90.2  1.52557
0.620609  90    1.68778
0.620609  89.8  1.86674
0.620609  89.6  2.06456
0.620609  89.4  2.29119
0.620609  89.2  2.55579
0.620609  89    2.86142
0.620609  88.8  3.18154
0.620609  88.6  3.48496
0.620609  88.4  3.74706
0.620609  88.2  3.98338
0.620609  88    4.227
0.620609  87.8  4.49703
0.620609  87.6  4.79406
0.620609  87.4  5.12329
0.620609  87.2  5.46484
0.620609  87    5.7951
0.620609  86.8  6.09345
0.620609  86.6  6.3513
0.620609  86.4  6.57931
0.620609  86.2  6.77758
0.620609  86    6.95935
0.620609  85.8  7.15433
0.620609  85.6  7.3773
0.620609  85.4  7.61836
0.620609  85.2  7.84426
0.620609  85    8.03676
0.620609  84.8  8.21522
0.620609  84.6  8.3933
0.620609  84.4  8.5589
0.620609  84.2  8.68937
0.620609  84    8.79019
0.613514  96    0.869205
0.613514  95.8  0.916404
0.613514  95.6  0.95793
0.613514  95.4  0.976314
0.613514  95.2  0.993245
0.613514  95    1.03878
0.613514  94.8  1.11786
0.613514  94.6  1.2143
0.613514  94.4  1.29355
0.613514  94.2  1.31559
0.613514  94    1.27345
0.613514  93.8  1.19253
0.613514  93.6  1.10838
0.613514  93.4  1.03674
0.613514  93.2  0.969377
0.613514  93    0.900007
0.613514  92.8  0.824543
0.613514  92.6  0.747171
0.613514  92.4  0.689566
0.613514  92.2  0.684496
0.613514  92    0.741343
0.613514  91.8  0.838227
0.613514  91.6  0.95941
0.613514  91.4  1.08011
0.613514  91.2  1.18031
0.613514  91    1.26695
0.613514  90.8  1.36336
0.613514  90.6  1.47834
0.613514  90.4  1.59414
0.613514  90.2  1.70759
0.613514  90    1.84123
0.613514  89.8  2.017
0.613514  89.6  2.22933
0.613514  89.4  2.44628
0.613514  89.2  2.6581
0.613514  89    2.8997
0.613514  88.8  3.18019
0.613514  88.6  3.48059
0.613514  88.4  3.76287
0.613514  88.2  4.0214
0.613514  88    4.2672
0.613514  87.8  4.51636
0.613514  87.6  4.79064
0.613514  87.4  5.11076
0.613514  87.2  5.45402
0.613514  87    5.79102
0.613514  86.8  6.09345
0.613514  86.6  6.3513
0.613514  86.4  6.5791
0.613514  86.2  6.77638
0.613514  86    6.95899
0.613514  85.8  7.15505
0.613514  85.6  7.37791
0.613514  85.4  7.61811
0.613514  85.2  7.844
0.613514  85    8.03681
0.613514  84.8  8.2157
0.613514  84.6  8.39388
0.613514  84.4  8.55843
0.613514  84.2  8.6906
0.613514  84    8.81385
0.60642   96    0.959661
0.60642   95.8  0.985965
0.60642   95.6  0.99182
0.60642   95.4  0.98394
0.60642   95.2  0.986987
0.60642   95    1.02704
0.60642   94.8  1.10631
0.60642   94.6  1.20631
0.60642   94.4  1.29011
0.60642   94.2  1.31529
0.60642   94    1.27345
0.60642   93.8  1.19253
0.60642   93.6  1.10838
0.60642   93.4  1.03674
0.60642   93.2  0.969377
0.60642   93    0.900007
0.60642   92.8  0.825835
0.60642   92.6  0.753079
0.60642   92.4  0.700544
0.60642   92.2  0.697408
0.60642   92    0.7505
0.60642   91.8  0.83609
0.60642   91.6  0.942022
0.60642   91.4  1.04248
0.60642   91.2  1.11273
0.60642   91    1.16064
0.60642   90.8  1.21486
0.60642   90.6  1.29606
0.60642   90.4  1.40049
0.60642   90.2  1.52786
0.60642   90    1.68103
0.60642   89.8  1.86534
0.60642   89.6  2.07791
0.60642   89.4  2.30805
0.60642   89.2  2.54975
0.60642   89    2.80444
0.60642   88.8  3.0675
0.60642   88.6  3.33232
0.60642   88.4  3.59012
0.60642   88.2  3.8364
0.60642   88    4.0798
0.60642   87.8  4.33496
0.60642   87.6  4.61918
0.60642   87.4  4.94716
0.60642   87.2  5.2898
0.60642   87    5.61362
0.60642   86.8  5.91025
0.60642   86.6  6.19813
0.60642   86.4  6.48286
0.60642   86.2  6.74041
0.60642   86    6.95593
0.60642   85.8  7.15732
0.60642   85.6  7.37845
0.60642   85.4  7.61818
0.60642   85.2  7.84418
0.60642   85    8.03681
0.60642   84.8  8.2157
0.60642   84.6  8.39388
0.60642   84.4  8.55843
0.60642   84.2  8.6906
0.60642   84    8.81385
0.599325  96    3.02302
0.599325  95.8  3.14853
0.599325  95.6  3.27825
0.599325  95.4  3.42661
0.599325  95.2  3.59982
0.599325  95    3.79254
0.599325  94.8  3.99681
0.599325  94.6  4.18861
0.599325  94.4  4.35625
0.599325  94.2  4.50576
0.599325  94    4.6507
0.599325  93.8  4.79334
0.599325  93.6  4.93903
0.599325  93.4  5.08779
0.599325  93.2  5.24059
0.599325  93    5.3949
0.599325  92.8  5.54697
0.599325  92.6  5.69131
0.599325  92.4  5.83392
0.599325  92.2  5.98202
0.599325  92    6.13564
0.599325  91.8  6.28737
0.599325  91.6  6.44117
0.599325  91.4  6.59902
0.599325  91.2  6.7558
0.599325  91    6.90542
0.599325  90.8  7.04818
0.599325  90.6  7.17879
0.599325  90.4  7.28317
0.599325  90.2  7.35253
0.599325  90    7.38402
0.599325  89.8  7.39287
0.599325  89.6  7.39153
0.599325  89.4  7.38123
0.599325  89.2  7.35969
0.599325  89    7.31659
0.599325  88.8  7.26762
0.599325  88.6  7.24594
0.599325  88.4  7.28703
0.599325  88.2  7.38862
0.599325  88    7.52005
0.599325  87.8  7.65072
0.599325  87.6  7.76179
0.599325  87.4  7.85885
0.599325  87.2  7.9373
0.599325  87    7.99896
0.599325  86.8  8.06494
0.599325  86.6  8.17381
0.599325  86.4  8.34275
0.599325  86.2  8.53991
0.599325  86    8.71963
0.599325  85.8  8.85807
0.599325  85.6  8.96082
0.599325  85.4  9.04721
0.599325  85.2  9.14329
0.599325  85    9.26071
0.599325  84.8  9.37785
0.599325  84.6  9.47608
0.599325  84.4  9.55761
0.599325  84.2  9.63315
0.599325  84    9.73296
0.592246  96    3.09512
0.592246  95.8  3.26923
0.592246  95.6  3.43984
0.592246  95.4  3.60753
0.592246  95.2  3.76856
0.592246  95    3.91892
0.592246  94.8  4.0622
0.592246  94.6  4.20335
0.592246  94.4  4.34808
0.592246  94.2  4.50104
0.592246  94    4.66077
0.592246  93.8  4.81276
0.592246  93.6  4.94915
0.592246  93.4  5.08278
0.592246  93.2  5.22856
0.592246  93    5.38635
0.592246  92.8  5.54593
0.592246  92.6  5.69738
0.592246  92.4  5.84565
0.592246  92.2  5.99562
0.592246  92    6.14496
0.592246  91.8  6.28507
0.592246  91.6  6.41635
0.592246  91.4  6.54524
0.592246  91.2  6.6708
0.592246  91    6.78719
0.592246  90.8  6.88956
0.592246  90.6  6.9798
0.592246  90.4  7.06794
0.592246  90.2  7.16596
0.592246  90    7.26541
0.592246  89.8  7.35868
0.592246  89.6  7.4405
0.592246  89.4  7.51613
0.592246  89.2  7.58727
0.592246  89    7.64681
0.592246  88.8  7.68658
0.592246  88.6  7.71942
0.592246  88.4  7.76433
0.592246  88.2  7.81783
0.592246  88    7.86669
0.592246  87.8  7.9056
0.592246  87.6  7.94749
0.592246  87.4  8.02261
0.592246  87.2  8.10499
0.592246  87    8.17278
0.592246  86.8  8.23029
0.592246  86.6  8.31174
0.592246  86.4  8.43937
0.592246  86.2  8.5675
0.592246  86    8.65722
0.592246  85.8  8.71486
0.592246  85.6  8.77812
0.592246  85.4  8.86915
0.592246  85.2  8.97472
0.592246  85    9.08154
0.592246  84.8  9.18702
0.592246  84.6  9.29239
0.592246  84.4  9.39799
0.592246  84.2  9.50021
0.592246  84    9.60724
0.585151  96    2.93035
0.585151  95.8  3.09347
0.585151  95.6  3.30722
0.585151  95.4  3.54413
0.585151  95.2  3.76439
0.585151  95    3.93875
0.585151  94.8  4.08521
0.585151  94.6  4.2231
0.585151  94.4  4.36266
0.585151  94.2  4.50576
0.585151  94    4.65154
0.585151  93.8  4.79718
0.585151  93.6  4.94789
0.585151  93.4  5.09963
0.585151  93.2  5.24884
0.585151  93    5.39592
0.585151  92.8  5.54406
0.585151  92.6  5.69286
0.585151  92.4  5.84144
0.585151  92.2  5.99003
0.585151  92    6.13864
0.585151  91.8  6.28737
0.585151  91.6  6.44117
0.585151  91.4  6.59902
0.585151  91.2  6.7558
0.585151  91    6.90542
0.585151  90.8  7.04499
0.585151  90.6  7.16874
0.585151  90.4  7.27023
0.585151  90.2  7.34851
0.585151  90    7.40498
0.585151  89.8  7.4462
0.585151  89.6  7.48313
0.585151  89.4  7.52278
0.585151  89.2  7.57084
0.585151  89    7.62564
0.585151  88.8  7.67428
0.585151  88.6  7.71762
0.585151  88.4  7.76493
0.585151  88.2  7.8178
0.585151  88    7.86524
0.585151  87.8  7.90459
0.585151  87.6  7.94734
0.585151  87.4  8.01768
0.585151  87.2  8.08259
0.585151  87    8.10577
0.585151  86.8  8.11264
0.585151  86.6  8.17977
0.585151  86.4  8.33571
0.585151  86.2  8.51273
0.585151  86    8.64067
0.585151  85.8  8.71763
0.585151  85.6  8.78787
0.585151  85.4  8.87622
0.585151  85.2  8.9764
0.585151  85    9.08112
0.585151  84.8  9.18612
0.585151  84.6  9.29198
0.585151  84.4  9.39847
0.585151  84.2  9.50478
0.585151  84    9.61558
0.578057  96    3.02704
0.578057  95.8  3.14613
0.578057  95.6  3.28326
0.578057  95.4  3.43837
0.578057  95.2  3.60675
0.578057  95    3.7817
0.578057  94.8  3.96303
0.578057  94.6  4.14599
0.578057  94.4  4.32599
0.578057  94.2  4.49881
0.578057  94    4.65987
0.578057  93.8  4.81205
0.578057  93.6  4.96049
0.578057  93.4  5.10647
0.578057  93.2  5.25073
0.578057  93    5.39595
0.578057  92.8  5.54535
0.578057  92.6  5.69877
0.578057  92.4  5.85241
0.578057  92.2  6.00294
0.578057  92    6.14779
0.578057  91.8  6.28507
0.578057  91.6  6.41567
0.578057  91.4  6.54097
0.578057  91.2  6.66092
0.578057  91    6.77547
0.578057  90.8  6.88788
0.578057  90.6  6.99692
0.578057  90.4  7.09321
0.578057  90.2  7.17257
0.578057  90    7.23668
0.578057  89.8  7.29452
0.578057  89.6  7.34279
0.578057  89.4  7.37133
0.578057  89.2  7.36885
0.578057  89    7.32945
0.578057  88.8  7.27544
0.578057  88.6  7.24735
0.578057  88.4  7.28693
0.578057  88.2  7.3866
0.578057  88    7.51297
0.578057  87.8  7.6396
0.578057  87.6  7.75539
0.578057  87.4  7.87196
0.578057  87.2  7.96895
0.578057  87    8.02329
0.578057  86.8  8.0653
0.578057  86.6  8.165
0.578057  86.4  8.34047
0.578057  86.2  8.52452
0.578057  86    8.65173
0.578057  85.8  8.72394
0.578057  85.6  8.78929
0.578057  85.4  8.87612
0.578057  85.2  8.97604
0.578057  85    9.08154
0.578057  84.8  9.18702
0.578057  84.6  9.29239
0.578057  84.4  9.39833
0.578057  84.2  9.50491
0.578057  84    9.61822
0.570962  96    3.02704
0.570962  95.8  3.14613
0.570962  95.6  3.28326
0.570962  95.4  3.43837
0.570962  95.2  3.60675
0.570962  95    3.7817
0.570962  94.8  3.96303
0.570962  94.6  4.14599
0.570962  94.4  4.32599
0.570962  94.2  4.49881
0.570962  94    4.65987
0.570962  93.8  4.81205
0.570962  93.6  4.96049
0.570962  93.4  5.10647
0.570962  93.2  5.25073
0.570962  93    5.39595
0.570962  92.8  5.54535
0.570962  92.6  5.69877
0.570962  92.4  5.85241
0.570962  92.2  6.00294
0.570962  92    6.14779
0.570962  91.8  6.28507
0.570962  91.6  6.41567
0.570962  91.4  6.54097
0.570962  91.2  6.66092
0.570962  91    6.77547
0.570962  90.8  6.8847
0.570962  90.6  6.98646
0.570962  90.4  7.07632
0.570962  90.2  7.15902
0.570962  90    7.24641
0.570962  89.8  7.34156
0.570962  89.6  7.43493
0.570962  89.4  7.51467
0.570962  89.2  7.57642
0.570962  89    7.63052
0.570962  88.8  7.67567
0.570962  88.6  7.71766
0.570962  88.4  7.76493
0.570962  88.2  7.8178
0.570962  88    7.86524
0.570962  87.8  7.90459
0.570962  87.6  7.94753
0.570962  87.4  8.02223
0.570962  87.2  8.09105
0.570962  87    8.11247
0.570962  86.8  8.11277
0.570962  86.6  8.17227
0.570962  86.4  8.33155
0.570962  86.2  8.54135
0.570962  86    8.72972
0.570962  85.8  8.86514
0.570962  85.6  8.96243
0.570962  85.4  9.04723
0.570962  85.2  9.14348
0.570962  85    9.25995
0.570962  84.8  9.37354
0.570962  84.6  9.47057
0.570962  84.4  9.56467
0.570962  84.2  9.67584
0.570962  84    9.80482
0.563868  96    3.09914
0.563868  95.8  3.26543
0.563868  95.6  3.43754
0.563868  95.4  3.60723
0.563868  95.2  3.76859
0.563868  95    3.91892
0.563868  94.8  4.0622
0.563868  94.6  4.20335
0.563868  94.4  4.34808
0.563868  94.2  4.50107
0.563868  94    4.66047
0.563868  93.8  4.8119
0.563868  93.6  4.94854
0.563868  93.4  5.08323
0.563868  93.2  5.22947
0.563868  93    5.3864
0.563868  92.8  5.54615
0.563868  92.6  5.69722
0.563868  92.4  5.8449
0.563868  92.2  5.99493
0.563868  92    6.1448
0.563868  91.8  6.28507
0.563868  91.6  6.41635
0.563868  91.4  6.54524
0.563868  91.2  6.6708
0.563868  91    6.78719
0.563868  90.8  6.88956
0.563868  90.6  6.9798
0.563868  90.4  7.06794
0.563868  90.2  7.16596
0.563868  90    7.26541
0.563868  89.8  7.35868
0.563868  89.6  7.4405
0.563868  89.4  7.51613
0.563868  89.2  7.58727
0.563868  89    7.64681
0.563868  88.8  7.68658
0.563868  88.6  7.71942
0.563868  88.4  7.76424
0.563868  88.2  7.81581
0.563868  88    7.85961
0.563868  87.8  7.89449
0.563868  87.6  7.94089
0.563868  87.4  8.03121
0.563868  87.2  8.12881
0.563868  87    8.19178
0.563868  86.8  8.23057
0.563868  86.6  8.3009
0.563868  86.4  8.42856
0.563868  86.2  8.56314
0.563868  86    8.65704
0.563868  85.8  8.71486
0.563868  85.6  8.77812
0.563868  85.4  8.86925
0.563868  85.2  8.97508
0.563868  85    9.08112
0.563868  84.8  9.18612
0.563868  84.6  9.29198
0.563868  84.4  9.39844
0.563868  84.2  9.50491
0.563868  84    9.61822
0.556789  96    3.02704
0.556789  95.8  3.14613
0.556789  95.6  3.28326
0.556789  95.4  3.43837
0.556789  95.2  3.60675
0.556789  95    3.7817
0.556789  94.8  3.96303
0.556789  94.6  4.14599
0.556789  94.4  4.32599
0.556789  94.2  4.49881
0.556789  94    4.65954
0.556789  93.8  4.80877
0.556789  93.6  4.95173
0.556789  93.4  5.09464
0.556789  93.2  5.24248
0.556789  93    5.39493
0.556789  92.8  5.54804
0.556789  92.6  5.69738
0.556789  92.4  5.84565
0.556789  92.2  5.99562
0.556789  92    6.14496
0.556789  91.8  6.28507
0.556789  91.6  6.41567
0.556789  91.4  6.54097
0.556789  91.2  6.66092
0.556789  91    6.77547
0.556789  90.8  6.88788
0.556789  90.6  6.99692
0.556789  90.4  7.09321
0.556789  90.2  7.17257
0.556789  90    7.23668
0.556789  89.8  7.29452
0.556789  89.6  7.34279
0.556789  89.4  7.37133
0.556789  89.2  7.36885
0.556789  89    7.32945
0.556789  88.8  7.27544
0.556789  88.6  7.24735
0.556789  88.4  7.28556
0.556789  88.2  7.38062
0.556789  88    7.50229
0.556789  87.8  7.62754
0.556789  87.6  7.74874
0.556789  87.4  7.88096
0.556789  87.2  8.00703
0.556789  87    8.10329
0.556789  86.8  8.18313
0.556789  86.6  8.28886
0.556789  86.4  8.43113
0.556789  86.2  8.56614
0.556789  86    8.65744
0.556789  85.8  8.71448
0.556789  85.6  8.77802
0.556789  85.4  8.86925
0.556789  85.2  8.97508
0.556789  85    9.08112
0.556789  84.8  9.18612
0.556789  84.6  9.29198
0.556789  84.4  9.39847
0.556789  84.2  9.50478
0.556789  84    9.61558
0.549694  96    3.02704
0.549694  95.8  3.14613
0.549694  95.6  3.28326
0.549694  95.4  3.43837
0.549694  95.2  3.60675
0.549694  95    3.7817
0.549694  94.8  3.96303
0.549694  94.6  4.14599
0.549694  94.4  4.32599
0.549694  94.2  4.49881
0.549694  94    4.65987
0.549694  93.8  4.81205
0.549694  93.6  4.96049
0.549694  93.4  5.10647
0.549694  93.2  5.25073
0.549694  93    5.39595
0.549694  92.8  5.54406
0.549694  92.6  5.69286
0.549694  92.4  5.84144
0.549694  92.2  5.99003
0.549694  92    6.13864
0.549694  91.8  6.28737
0.549694  91.6  6.44117
0.549694  91.4  6.59902
0.549694  91.2  6.7558
0.549694  91    6.90542
0.549694  90.8  7.04818
0.549694  90.6  7.17879
0.549694  90.4  7.28317
0.549694  90.2  7.35253
0.549694  90    7.38402
0.549694  89.8  7.39287
0.549694  89.6  7.39153
0.549694  89.4  7.38123
0.549694  89.2  7.35969
0.549694  89    7.31659
0.549694  88.8  7.26762
0.549694  88.6  7.24594
0.549694  88.4  7.28693
0.549694  88.2  7.3866
0.549694  88    7.51297
0.549694  87.8  7.6396
0.549694  87.6  7.75539
0.549694  87.4  7.87196
0.549694  87.2  7.96895
0.549694  87    8.02329
0.549694  86.8  8.0653
0.549694  86.6  8.165
0.549694  86.4  8.34047
0.549694  86.2  8.52452
0.549694  86    8.65173
0.549694  85.8  8.72394
0.549694  85.6  8.78929
0.549694  85.4  8.87622
0.549694  85.2  8.9764
0.549694  85    9.08112
0.549694  84.8  9.18612
0.549694  84.6  9.29198
0.549694  84.4  9.3981
0.549694  84.2  9.50021
0.549694  84    9.60724
0.546225  96    3.02704
0.546225  95.8  3.14613
0.546225  95.6  3.28326
0.546225  95.4  3.43837
0.546225  95.2  3.60675
0.546225  95    3.7817
0.546225  94.8  3.96303
0.546225  94.6  4.14599
0.546225  94.4  4.32599
0.546225  94.2  4.49881
0.546225  94    4.65987
0.546225  93.8  4.81205
0.546225  93.6  4.96049
0.546225  93.4  5.10647
0.546225  93.2  5.25073
0.546225  93    5.39595
0.546225  92.8  5.54406
0.546225  92.6  5.69286
0.546225  92.4  5.84144
0.546225  92.2  5.99003
0.546225  92    6.13864
0.546225  91.8  6.28737
0.546225  91.6  6.44117
0.546225  91.4  6.59902
0.546225  91.2  6.7558
0.546225  91    6.90542
0.546225  90.8  7.04818
0.546225  90.6  7.17879
0.546225  90.4  7.28317
0.546225  90.2  7.35253
0.546225  90    7.38402
0.546225  89.8  7.39287
0.546225  89.6  7.39153
0.546225  89.4  7.38123
0.546225  89.2  7.35969
0.546225  89    7.31659
0.546225  88.8  7.26762
0.546225  88.6  7.24594
0.546225  88.4  7.28693
0.546225  88.2  7.3866
0.546225  88    7.51297
0.546225  87.8  7.6396
0.546225  87.6  7.75539
0.546225  87.4  7.87196
0.546225  87.2  7.96895
0.546225  87    8.02329
0.546225  86.8  8.0653
0.546225  86.6  8.165
0.546225  86.4  8.34047
0.546225  86.2  8.52452
0.546225  86    8.65173
0.546225  85.8  8.72394
0.546225  85.6  8.78929
0.546225  85.4  8.87622
0.546225  85.2  8.9764
0.546225  85    9.08112
0.546225  84.8  9.18612
0.546225  84.6  9.29198
0.546225  84.4  9.3981
0.546225  84.2  9.50021
0.546225  84    9.60724
