0          1           29.4203
0.0333333  1           29.0771
0.0666667  1           27.5121
0.1        1           25.1219
0.133333   1           22.6021
0.166667   1           20.5021
0.2        1           18.3021
0.233333   1           14.8883
0.266667   1           10.1073
0.3        1           4.58901
0.333333   1           -1.1305
0.366667   1           -6.1964
0.4        1           -10.0097
0.433333   1           -11.9608
0.466667   1           -12.0593
0.5        1           -10.8854
0.533333   1           -8.85783
0.566667   1           -6.80529
0.6        1           -5.61069
0.633333   1           -6.22556
0.666667   1           -8.52058
0.7        1           -10.9494
0.733333   1           -12.449
0.766667   1           -13.0826
0.8        1           -13.007
0.833333   1           -12.7646
0.866667   1           -12.6194
0.9        1           -12.3345
0.933333   1           -11.9983
0.966667   1           -11.7529
1          1           -11.6643
1.03333    1           -11.7191
1.06667    1           -11.8942
1.1        1           -12.0976
1.13333    1           -12.2718
1.16667    1           -12.4041
1.2        1           -12.4837
1.23333    1           -12.5254
1.26667    1           -12.5597
1.3        1           -12.5868
1.33333    1           -12.5569
1.36667    1           -12.4079
1.4        1           -12.0786
1.43333    1           -11.5745
1.46667    1           -10.9295
1.5        1           -10.2181
1.53333    1           -9.49377
1.56667    1           -8.72115
1.6        1           -7.91728
1.63333    1           -7.14358
1.66667    1           -6.45991
1.7        1           -5.92111
1.73333    1           -5.48416
1.76667    1           -5.08437
1.8        1           -4.62097
1.83333    1           -4.03757
1.86667    1           -3.34783
1.9        1           -2.64245
1.93333    1           -2.00818
1.96667    1           -1.51935
2          1           -1.10644
0          0.965758    29.4203
0.0333333  0.965758    29.0771
0.0666667  0.965758    27.5121
0.1        0.965758    25.1219
0.133333   0.965758    22.6021
0.166667   0.965758    20.5021
0.2        0.965758    18.3021
0.233333   0.965758    14.8883
0.266667   0.965758    10.1073
0.3        0.965758    4.58901
0.333333   0.965758    -1.1305
0.366667   0.965758    -6.1964
0.4        0.965758    -10.0097
0.433333   0.965758    -11.9608
0.466667   0.965758    -12.0593
0.5        0.965758    -10.8854
0.533333   0.965758    -8.85783
0.566667   0.965758    -6.80529
0.6        0.965758    -5.61069
0.633333   0.965758    -6.22556
0.666667   0.965758    -8.52058
0.7        0.965758    -10.9494
0.733333   0.965758    -12.449
0.766667   0.965758    -13.0826
0.8        0.965758    -13.007
0.833333   0.965758    -12.7646
0.866667   0.965758    -12.6194
0.9        0.965758    -12.3345
0.933333   0.965758    -11.9983
0.966667   0.965758    -11.7529
1          0.965758    -11.6643
1.03333    0.965758    -11.7191
1.06667    0.965758    -11.8942
1.1        0.965758    -12.0976
1.13333    0.965758    -12.2718
1.16667    0.965758    -12.4041
1.2        0.965758    -12.4837
1.23333    0.965758    -12.5254
1.26667    0.965758    -12.5597
1.3        0.965758    -12.5868
1.33333    0.965758    -12.5569
1.36667    0.965758    -12.4079
1.4        0.965758    -12.0786
1.43333    0.965758    -11.5745
1.46667    0.965758    -10.9295
1.5        0.965758    -10.2181
1.53333    0.965758    -9.49377
1.56667    0.965758    -8.72115
1.6        0.965758    -7.91728
1.63333    0.965758    -7.14358
1.66667    0.965758    -6.45991
1.7        0.965758    -5.92111
1.73333    0.965758    -5.48416
1.76667    0.965758    -5.08437
1.8        0.965758    -4.62097
1.83333    0.965758    -4.03757
1.86667    0.965758    -3.34783
1.9        0.965758    -2.64245
1.93333    0.965758    -2.00818
1.96667    0.965758    -1.51935
2          0.965758    -1.10644
0          0.897273    2.15526
0.0333333  0.897273    3.4114
0.0666667  0.897273    4.74706
0.1        0.897273    6.45589
0.133333   0.897273    9.07531
0.166667   0.897273    12.9868
0.2        0.897273    17.2541
0.233333   0.897273    18.048
0.266667   0.897273    14.5698
0.3        0.897273    9.26609
0.333333   0.897273    5.32526
0.366667   0.897273    2.70932
0.4        0.897273    0.680243
0.433333   0.897273    -1.153
0.466667   0.897273    -2.94947
0.5        0.897273    -3.90428
0.533333   0.897273    -3.65962
0.566667   0.897273    -2.42133
0.6        0.897273    -0.488515
0.633333   0.897273    0.378988
0.666667   0.897273    -0.791912
0.7        0.897273    -3.52814
0.733333   0.897273    -7.45626
0.766667   0.897273    -11.7117
0.8        0.897273    -15.2028
0.833333   0.897273    -17.3553
0.866667   0.897273    -18.1235
0.9        0.897273    -18.2019
0.933333   0.897273    -18.2149
0.966667   0.897273    -18.6617
1          0.897273    -19.8933
1.03333    0.897273    -21.7245
1.06667    0.897273    -23.8488
1.1        0.897273    -26.0477
1.13333    0.897273    -27.7468
1.16667    0.897273    -28.4623
1.2        0.897273    -28.1018
1.23333    0.897273    -27.3041
1.26667    0.897273    -27.0881
1.3        0.897273    -27.4104
1.33333    0.897273    -28.0422
1.36667    0.897273    -28.6949
1.4        0.897273    -29.0472
1.43333    0.897273    -28.7539
1.46667    0.897273    -27.8278
1.5        0.897273    -26.5318
1.53333    0.897273    -25.1789
1.56667    0.897273    -23.9251
1.6        0.897273    -22.7399
1.63333    0.897273    -21.6065
1.66667    0.897273    -20.5052
1.7        0.897273    -19.4215
1.73333    0.897273    -18.3862
1.76667    0.897273    -17.423
1.8        0.897273    -16.5473
1.83333    0.897273    -15.7482
1.86667    0.897273    -14.9681
1.9        0.897273    -14.1314
1.93333    0.897273    -13.275
1.96667    0.897273    -12.4334
2          0.897273    -11.7039
0          0.828939    5.45828
0.0333333  0.828939    7.72411
0.0666667  0.828939    10.5777
0.1        0.828939    13.7082
0.133333   0.828939    16.7355
0.166667   0.828939    19.809
0.2        0.828939    23.5497
0.233333   0.828939    25.9847
0.266667   0.828939    25.8333
0.3        0.828939    22.9044
0.333333   0.828939    18.4494
0.366667   0.828939    13.9564
0.4        0.828939    10.8295
0.433333   0.828939    9.728
0.466667   0.828939    9.99588
0.5        0.828939    11.222
0.533333   0.828939    12.9807
0.566667   0.828939    15.0158
0.6        0.828939    17.6372
0.633333   0.828939    20.6053
0.666667   0.828939    23.1009
0.7        0.828939    24.091
0.733333   0.828939    22.9095
0.766667   0.828939    20.4126
0.8        0.828939    17.6867
0.833333   0.828939    15.3107
0.866667   0.828939    12.9464
0.9        0.828939    10.1257
0.933333   0.828939    7.13414
0.966667   0.828939    4.37523
1          0.828939    2.16273
1.03333    0.828939    0.427394
1.06667    0.828939    -0.951155
1.1        0.828939    -2.13221
1.13333    0.828939    -3.25513
1.16667    0.828939    -4.28558
1.2        0.828939    -5.27415
1.23333    0.828939    -6.22076
1.26667    0.828939    -7.06297
1.3        0.828939    -7.78438
1.33333    0.828939    -8.33864
1.36667    0.828939    -8.67805
1.4        0.828939    -8.77074
1.43333    0.828939    -8.49725
1.46667    0.828939    -8.04405
1.5        0.828939    -7.70519
1.53333    0.828939    -7.68258
1.56667    0.828939    -7.98377
1.6        0.828939    -8.41554
1.63333    0.828939    -8.86713
1.66667    0.828939    -9.25089
1.7        0.828939    -9.53462
1.73333    0.828939    -9.7947
1.76667    0.828939    -10.0392
1.8        0.828939    -10.2551
1.83333    0.828939    -10.4396
1.86667    0.828939    -10.6207
1.9        0.828939    -10.8047
1.93333    0.828939    -10.9757
1.96667    0.828939    -11.1191
2          0.828939    -11.2429
0          0.760455    5.54757
0.0333333  0.760455    8.08615
0.0666667  0.760455    11.7395
0.1        0.760455    15.6058
0.133333   0.760455    18.4427
0.166667   0.760455    19.7653
0.2        0.760455    20.8435
0.233333   0.760455    22.0527
0.266667   0.760455    22.8312
0.3        0.760455    21.8263
0.333333   0.760455    18.2913
0.366667   0.760455    13.8769
0.4        0.760455    10.6094
0.433333   0.760455    9.60777
0.466667   0.760455    10.2203
0.5        0.760455    11.7925
0.533333   0.760455    13.944
0.566667   0.760455    16.3748
0.6        0.760455    19.166
0.633333   0.760455    21.8374
0.666667   0.760455    23.6623
0.7        0.760455    24.0391
0.733333   0.760455    22.5888
0.766667   0.760455    20.1005
0.8        0.760455    17.5329
0.833333   0.760455    15.2933
0.866667   0.760455    12.9913
0.9        0.760455    10.1894
0.933333   0.760455    7.14527
0.966667   0.760455    4.28936
1          0.760455    2.01137
1.03333    0.760455    0.329452
1.06667    0.760455    -0.906635
1.1        0.760455    -1.96475
1.13333    0.760455    -3.06877
1.16667    0.760455    -4.15971
1.2        0.760455    -5.21953
1.23333    0.760455    -6.21127
1.26667    0.760455    -7.06538
1.3        0.760455    -7.7753
1.33333    0.760455    -8.31674
1.36667    0.760455    -8.65359
1.4        0.760455    -8.75657
1.43333    0.760455    -8.48839
1.46667    0.760455    -8.03297
1.5        0.760455    -7.69456
1.53333    0.760455    -7.67671
1.56667    0.760455    -7.98236
1.6        0.760455    -8.41554
1.63333    0.760455    -8.86713
1.66667    0.760455    -9.25089
1.7        0.760455    -9.53478
1.73333    0.760455    -9.79513
1.76667    0.760455    -10.0389
1.8        0.760455    -10.2572
1.83333    0.760455    -10.4555
1.86667    0.760455    -10.675
1.9        0.760455    -10.9147
1.93333    0.760455    -11.1251
1.96667    0.760455    -11.2578
2          0.760455    -11.332
0          0.69197     5.6514
0.0333333  0.69197     7.23423
0.0666667  0.69197     9.35679
0.1        0.69197     11.6617
0.133333   0.69197     13.7349
0.166667   0.69197     15.3806
0.2        0.69197     16.5803
0.233333   0.69197     17.4601
0.266667   0.69197     18.1852
0.3        0.69197     18.813
0.333333   0.69197     18.9528
0.366667   0.69197     18.9224
0.4        0.69197     18.8308
0.433333   0.69197     18.7235
0.466667   0.69197     18.1833
0.5        0.69197     17.3684
0.533333   0.69197     16.7366
0.566667   0.69197     16.7991
0.6        0.69197     17.8441
0.633333   0.69197     19.2435
0.666667   0.69197     20.3516
0.7        0.69197     20.7974
0.733333   0.69197     20.4162
0.766667   0.69197     19.5794
0.8        0.69197     18.7441
0.833333   0.69197     18.1837
0.866667   0.69197     17.8006
0.9        0.69197     17.2784
0.933333   0.69197     16.5793
0.966667   0.69197     15.6593
1          0.69197     14.5283
1.03333    0.69197     13.1165
1.06667    0.69197     11.3592
1.1        0.69197     9.32829
1.13333    0.69197     7.17985
1.16667    0.69197     5.11525
1.2        0.69197     3.46314
1.23333    0.69197     2.1896
1.26667    0.69197     1.11042
1.3        0.69197     0.348373
1.33333    0.69197     -0.0952509
1.36667    0.69197     -0.391382
1.4        0.69197     -0.920451
1.43333    0.69197     -1.87035
1.46667    0.69197     -3.01657
1.5        0.69197     -4.04948
1.53333    0.69197     -4.79193
1.56667    0.69197     -5.31714
1.6        0.69197     -5.75931
1.63333    0.69197     -6.10384
1.66667    0.69197     -6.31019
1.7        0.69197     -6.40626
1.73333    0.69197     -6.4509
1.76667    0.69197     -6.44432
1.8        0.69197     -6.38559
1.83333    0.69197     -6.33404
1.86667    0.69197     -6.42703
1.9        0.69197     -6.64641
1.93333    0.69197     -6.86557
1.96667    0.69197     -6.92969
2          0.69197     -6.81054
0          0.623485    5.7286
0.0333333  0.623485    7.33074
0.0666667  0.623485    9.40946
0.1        0.623485    11.6035
0.133333   0.623485    13.5162
0.166667   0.623485    14.9309
0.2        0.623485    15.7951
0.233333   0.623485    16.3144
0.266667   0.623485    16.7384
0.3        0.623485    17.2154
0.333333   0.623485    17.4736
0.366667   0.623485    17.8476
0.4        0.623485    18.3625
0.433333   0.623485    18.8914
0.466667   0.623485    18.9379
0.5        0.623485    18.3728
0.533333   0.623485    17.5122
0.566667   0.623485    16.9921
0.6        0.623485    17.3548
0.633333   0.623485    18.6225
0.666667   0.623485    20.1347
0.7        0.623485    20.7881
0.733333   0.623485    19.7706
0.766667   0.623485    17.9038
0.8        0.623485    16.3947
0.833333   0.623485    15.8482
0.866667   0.623485    16.0433
0.9        0.623485    16.3205
0.933333   0.623485    16.2865
0.966667   0.623485    15.6597
1          0.623485    14.5183
1.03333    0.623485    13.0006
1.06667    0.623485    11.2489
1.1        0.623485    9.40174
1.13333    0.623485    7.54346
1.16667    0.623485    5.65336
1.2        0.623485    3.79167
1.23333    0.623485    2.11
1.26667    0.623485    0.848158
1.3        0.623485    0.153762
1.33333    0.623485    -0.13926
1.36667    0.623485    -0.355551
1.4        0.623485    -0.905432
1.43333    0.623485    -1.90759
1.46667    0.623485    -3.09267
1.5        0.623485    -4.11708
1.53333    0.623485    -4.81031
1.56667    0.623485    -5.27381
1.6        0.623485    -5.66631
1.63333    0.623485    -5.99397
1.66667    0.623485    -6.2203
1.7        0.623485    -6.36113
1.73333    0.623485    -6.44766
1.76667    0.623485    -6.46048
1.8        0.623485    -6.40197
1.83333    0.623485    -6.315
1.86667    0.623485    -6.38195
1.9        0.623485    -6.62043
1.93333    0.623485    -6.87974
1.96667    0.623485    -6.98441
2          0.623485    -6.89393
0          0.555       4.8919
0.0333333  0.555       5.45743
0.0666667  0.555       6.07942
0.1        0.555       6.75036
0.133333   0.555       7.42263
0.166667   0.555       8.02868
0.2        0.555       8.58424
0.233333   0.555       9.0752
0.266667   0.555       9.4963
0.3        0.555       9.84236
0.333333   0.555       10.1039
0.366667   0.555       10.3467
0.4        0.555       10.4653
0.433333   0.555       10.3361
0.466667   0.555       9.78334
0.5        0.555       8.90038
0.533333   0.555       8.07561
0.566667   0.555       7.6631
0.6        0.555       7.60435
0.633333   0.555       7.95665
0.666667   0.555       8.59108
0.7        0.555       9.15896
0.733333   0.555       9.52135
0.766667   0.555       9.64783
0.8        0.555       9.59491
0.833333   0.555       9.51345
0.866667   0.555       9.4493
0.9        0.555       9.36472
0.933333   0.555       9.33567
0.966667   0.555       9.34608
1          0.555       9.38165
1.03333    0.555       9.33489
1.06667    0.555       8.97369
1.1        0.555       8.17206
1.13333    0.555       6.96766
1.16667    0.555       5.59178
1.2        0.555       4.20492
1.23333    0.555       2.81988
1.26667    0.555       1.357
1.3        0.555       -0.206075
1.33333    0.555       -1.72576
1.36667    0.555       -3.10361
1.4        0.555       -4.3134
1.43333    0.555       -5.33697
1.46667    0.555       -6.12701
1.5        0.555       -6.58966
1.53333    0.555       -6.83793
1.56667    0.555       -7.10524
1.6        0.555       -7.42879
1.63333    0.555       -7.70435
1.66667    0.555       -7.81043
1.7        0.555       -7.74595
1.73333    0.555       -7.69335
1.76667    0.555       -7.68761
1.8        0.555       -7.64688
1.83333    0.555       -7.50307
1.86667    0.555       -7.28472
1.9        0.555       -7.00952
1.93333    0.555       -6.70569
1.96667    0.555       -6.39746
2          0.555       -6.10688
0          0.486667    4.93986
0.0333333  0.486667    5.21349
0.0666667  0.486667    5.18981
0.1        0.486667    5.00863
0.133333   0.486667    4.86818
0.166667   0.486667    4.79752
0.2        0.486667    4.49458
0.233333   0.486667    3.92326
0.266667   0.486667    3.31893
0.3        0.486667    3.07807
0.333333   0.486667    3.28362
0.366667   0.486667    3.66335
0.4        0.486667    3.90458
0.433333   0.486667    4.01221
0.466667   0.486667    4.07206
0.5        0.486667    4.11016
0.533333   0.486667    4.36353
0.566667   0.486667    4.84016
0.6        0.486667    5.13585
0.633333   0.486667    4.97575
0.666667   0.486667    4.52048
0.7        0.486667    4.33883
0.733333   0.486667    4.80845
0.766667   0.486667    5.69676
0.8        0.486667    6.73441
0.833333   0.486667    7.77332
0.866667   0.486667    8.63371
0.9        0.486667    9.01741
0.933333   0.486667    9.17361
0.966667   0.486667    9.25418
1          0.486667    9.34811
1.03333    0.486667    9.38693
1.06667    0.486667    9.10336
1.1        0.486667    8.33255
1.13333    0.486667    7.09685
1.16667    0.486667    5.65919
1.2        0.486667    4.22349
1.23333    0.486667    2.82067
1.26667    0.486667    1.35813
1.3        0.486667    -0.210402
1.33333    0.486667    -1.77167
1.36667    0.486667    -3.21969
1.4        0.486667    -4.47345
1.43333    0.486667    -5.4745
1.46667    0.486667    -6.20279
1.5        0.486667    -6.60893
1.53333    0.486667    -6.83228
1.56667    0.486667    -7.09953
1.6        0.486667    -7.43202
1.63333    0.486667    -7.71561
1.66667    0.486667    -7.82155
1.7        0.486667    -7.75183
1.73333    0.486667    -7.69432
1.76667    0.486667    -7.68762
1.8        0.486667    -7.6469
1.83333    0.486667    -7.50307
1.86667    0.486667    -7.28472
1.9        0.486667    -7.00952
1.93333    0.486667    -6.70564
1.96667    0.486667    -6.39749
2          0.486667    -6.10313
0          0.418182    -3.08017
0.0333333  0.418182    -2.48786
0.0666667  0.418182    -1.85735
0.1        0.418182    -1.28646
0.133333   0.418182    -0.774523
0.166667   0.418182    -0.456465
0.2        0.418182    -0.288583
0.233333   0.418182    -0.138052
0.266667   0.418182    0.0456486
0.3        0.418182    0.259209
0.333333   0.418182    0.31681
0.366667   0.418182    0.0714643
0.4        0.418182    -0.397659
0.433333   0.418182    -0.964346
0.466667   0.418182    -1.31128
0.5        0.418182    -1.28203
0.533333   0.418182    -0.89292
0.566667   0.418182    -0.594658
0.6        0.418182    -1.31894
0.633333   0.418182    -3.38585
0.666667   0.418182    -6.07637
0.7        0.418182    -7.87086
0.733333   0.418182    -7.949
0.766667   0.418182    -6.8438
0.8        0.418182    -5.1858
0.833333   0.418182    -3.48872
0.866667   0.418182    -1.72557
0.9        0.418182    0.319241
0.933333   0.418182    2.405
0.966667   0.418182    4.09688
1          0.418182    5.07613
1.03333    0.418182    5.26001
1.06667    0.418182    4.5733
1.1        0.418182    3.2505
1.13333    0.418182    1.52358
1.16667    0.418182    -0.63107
1.2        0.418182    -2.86277
1.23333    0.418182    -4.79968
1.26667    0.418182    -6.20181
1.3        0.418182    -7.22203
1.33333    0.418182    -8.21368
1.36667    0.418182    -9.35924
1.4        0.418182    -10.5486
1.43333    0.418182    -11.5036
1.46667    0.418182    -12.1326
1.5        0.418182    -12.3025
1.53333    0.418182    -12.0183
1.56667    0.418182    -11.3611
1.6        0.418182    -10.4371
1.63333    0.418182    -9.33932
1.66667    0.418182    -8.27464
1.7        0.418182    -7.46708
1.73333    0.418182    -7.04303
1.76667    0.418182    -7.141
1.8        0.418182    -7.68984
1.83333    0.418182    -8.43557
1.86667    0.418182    -9.16829
1.9        0.418182    -9.44575
1.93333    0.418182    -9.19522
1.96667    0.418182    -8.48492
2          0.418182    -7.33576
0          0.349697    -3.2601
0.0333333  0.349697    -2.66963
0.0666667  0.349697    -1.99394
0.1        0.349697    -1.3507
0.133333   0.349697    -0.762243
0.166667   0.349697    -0.326044
0.2        0.349697    -0.0489628
0.233333   0.349697    0.130463
0.266667   0.349697    0.213501
0.3        0.349697    0.142134
0.333333   0.349697    -0.308993
0.366667   0.349697    -1.19793
0.4        0.349697    -2.27774
0.433333   0.349697    -3.30813
0.466667   0.349697    -4.24619
0.5        0.349697    -4.71759
0.533333   0.349697    -4.3325
0.566667   0.349697    -3.31808
0.6        0.349697    -2.65325
0.633333   0.349697    -3.4698
0.666667   0.349697    -5.6959
0.7        0.349697    -7.97857
0.733333   0.349697    -9.59685
0.766667   0.349697    -10.401
0.8        0.349697    -10.0811
0.833333   0.349697    -8.51163
0.866667   0.349697    -5.57521
0.9        0.349697    -1.8415
0.933333   0.349697    1.74715
0.966667   0.349697    4.20972
1          0.349697    5.30968
1.03333    0.349697    5.40507
1.06667    0.349697    4.62578
1.1        0.349697    3.23343
1.13333    0.349697    1.44665
1.16667    0.349697    -0.731399
1.2        0.349697    -2.93404
1.23333    0.349697    -4.81866
1.26667    0.349697    -6.19624
1.3        0.349697    -7.21935
1.33333    0.349697    -8.22182
1.36667    0.349697    -9.36721
1.4        0.349697    -10.5322
1.43333    0.349697    -11.4289
1.46667    0.349697    -12.0127
1.5        0.349697    -12.1715
1.53333    0.349697    -11.9182
1.56667    0.349697    -11.3196
1.6        0.349697    -10.4321
1.63333    0.349697    -9.34331
1.66667    0.349697    -8.27698
1.7        0.349697    -7.45116
1.73333    0.349697    -6.9784
1.76667    0.349697    -7.01364
1.8        0.349697    -7.51513
1.83333    0.349697    -8.25571
1.86667    0.349697    -9.02938
1.9        0.349697    -9.36788
1.93333    0.349697    -9.1708
1.96667    0.349697    -8.48872
2          0.349697    -7.36232
0          0.281212    -2.99312
0.0333333  0.281212    -2.61124
0.0666667  0.281212    -2.03976
0.1        0.281212    -1.33939
0.133333   0.281212    -0.747277
0.166667   0.281212    -0.536351
0.2        0.281212    -0.826714
0.233333   0.281212    -1.56287
0.266667   0.281212    -2.48869
0.3        0.281212    -3.28706
0.333333   0.281212    -4.05222
0.366667   0.281212    -4.82447
0.4        0.281212    -5.63028
0.433333   0.281212    -6.22414
0.466667   0.281212    -6.54028
0.5        0.281212    -6.82718
0.533333   0.281212    -7.34836
0.566667   0.281212    -8.28896
0.6        0.281212    -9.36975
0.633333   0.281212    -10.3129
0.666667   0.281212    -10.8372
0.7        0.281212    -10.6895
0.733333   0.281212    -9.71358
0.766667   0.281212    -8.37162
0.8        0.281212    -7.20876
0.833333   0.281212    -6.43107
0.866667   0.281212    -5.77286
0.9        0.281212    -4.92275
0.933333   0.281212    -3.89474
0.966667   0.281212    -2.88783
1          0.281212    -2.18722
1.03333    0.281212    -1.90122
1.06667    0.281212    -1.99929
1.1        0.281212    -2.25198
1.13333    0.281212    -2.51933
1.16667    0.281212    -2.89373
1.2        0.281212    -3.36652
1.23333    0.281212    -3.91338
1.26667    0.281212    -4.50984
1.3        0.281212    -5.22077
1.33333    0.281212    -5.9434
1.36667    0.281212    -6.56946
1.4        0.281212    -7.03392
1.43333    0.281212    -7.2781
1.46667    0.281212    -7.3392
1.5        0.281212    -7.25421
1.53333    0.281212    -7.2108
1.56667    0.281212    -7.46673
1.6        0.281212    -7.89755
1.63333    0.281212    -8.03049
1.66667    0.281212    -7.56334
1.7        0.281212    -6.64883
1.73333    0.281212    -5.7164
1.76667    0.281212    -5.0876
1.8        0.281212    -4.77423
1.83333    0.281212    -4.70912
1.86667    0.281212    -4.88831
1.9        0.281212    -5.19667
1.93333    0.281212    -5.41847
1.96667    0.281212    -5.38339
2          0.281212    -5.04077
0          0.212727    -2.92249
0.0333333  0.212727    -2.49882
0.0666667  0.212727    -1.93168
0.1        0.212727    -1.27759
0.133333   0.212727    -0.736281
0.166667   0.212727    -0.545287
0.2        0.212727    -0.840491
0.233333   0.212727    -1.57243
0.266667   0.212727    -2.48747
0.3        0.212727    -3.27103
0.333333   0.212727    -4.0485
0.366667   0.212727    -4.89336
0.4        0.212727    -5.76761
0.433333   0.212727    -6.28109
0.466667   0.212727    -6.22829
0.5        0.212727    -6.00458
0.533333   0.212727    -6.17444
0.566667   0.212727    -6.9453
0.6        0.212727    -7.2804
0.633333   0.212727    -6.60276
0.666667   0.212727    -5.18299
0.7        0.212727    -3.88255
0.733333   0.212727    -2.94567
0.766667   0.212727    -1.9655
0.8        0.212727    -0.89797
0.833333   0.212727    -0.0907802
0.866667   0.212727    0.0451483
0.9        0.212727    -0.26644
0.933333   0.212727    -0.837821
0.966667   0.212727    -1.35149
1          0.212727    -1.69313
1.03333    0.212727    -1.95259
1.06667    0.212727    -2.12153
1.1        0.212727    -2.36452
1.13333    0.212727    -2.77294
1.16667    0.212727    -3.28416
1.2        0.212727    -3.75157
1.23333    0.212727    -4.13996
1.26667    0.212727    -4.46246
1.3        0.212727    -4.85835
1.33333    0.212727    -5.50039
1.36667    0.212727    -6.33095
1.4        0.212727    -7.07329
1.43333    0.212727    -7.43788
1.46667    0.212727    -7.48728
1.5        0.212727    -7.3517
1.53333    0.212727    -7.20802
1.56667    0.212727    -7.1028
1.6        0.212727    -6.93159
1.63333    0.212727    -6.60739
1.66667    0.212727    -6.10317
1.7        0.212727    -5.54697
1.73333    0.212727    -4.997
1.76667    0.212727    -4.61079
1.8        0.212727    -4.52162
1.83333    0.212727    -4.67786
1.86667    0.212727    -4.88022
1.9        0.212727    -4.90385
1.93333    0.212727    -4.95324
1.96667    0.212727    -5.21564
2          0.212727    -5.49662
0          0.144394    4.52925
0.0333333  0.144394    4.85359
0.0666667  0.144394    5.11505
0.1        0.144394    5.2509
0.133333   0.144394    5.11678
0.166667   0.144394    4.76367
0.2        0.144394    4.63269
0.233333   0.144394    4.92557
0.266667   0.144394    5.20933
0.3        0.144394    4.55351
0.333333   0.144394    2.61331
0.366667   0.144394    0.174021
0.4        0.144394    -1.89054
0.433333   0.144394    -3.21051
0.466667   0.144394    -4.25817
0.5        0.144394    -5.1621
0.533333   0.144394    -5.7021
0.566667   0.144394    -5.5216
0.6        0.144394    -4.33009
0.633333   0.144394    -2.36406
0.666667   0.144394    -0.190103
0.7        0.144394    1.45745
0.733333   0.144394    2.22489
0.766667   0.144394    2.13697
0.8        0.144394    1.31781
0.833333   0.144394    0.163004
0.866667   0.144394    -1.0991
0.9        0.144394    -2.47023
0.933333   0.144394    -3.85989
0.966667   0.144394    -5.01166
1          0.144394    -5.58474
1.03333    0.144394    -5.62943
1.06667    0.144394    -5.27647
1.1        0.144394    -4.69553
1.13333    0.144394    -3.97688
1.16667    0.144394    -2.93933
1.2        0.144394    -1.76399
1.23333    0.144394    -0.735493
1.26667    0.144394    -0.159133
1.3        0.144394    -0.0521214
1.33333    0.144394    -0.46119
1.36667    0.144394    -1.30811
1.4        0.144394    -2.33017
1.43333    0.144394    -3.32398
1.46667    0.144394    -4.27752
1.5        0.144394    -5.14468
1.53333    0.144394    -5.90325
1.56667    0.144394    -6.51317
1.6        0.144394    -6.95225
1.63333    0.144394    -7.32522
1.66667    0.144394    -7.74494
1.7        0.144394    -8.2098
1.73333    0.144394    -8.64951
1.76667    0.144394    -8.9557
1.8        0.144394    -9.01996
1.83333    0.144394    -8.97718
1.86667    0.144394    -9.17495
1.9        0.144394    -9.58861
1.93333    0.144394    -9.93779
1.96667    0.144394    -9.85569
2          0.144394    -9.40558
0          0.0759091   4.53327
0.0333333  0.0759091   4.85988
0.0666667  0.0759091   5.08088
0.1        0.0759091   5.18058
0.133333   0.0759091   5.07898
0.166667   0.0759091   4.86617
0.2        0.0759091   4.91449
0.233333   0.0759091   5.24929
0.266667   0.0759091   5.4088
0.3        0.0759091   4.59042
0.333333   0.0759091   2.57791
0.366667   0.0759091   0.119262
0.4        0.0759091   -1.91925
0.433333   0.0759091   -3.05756
0.466667   0.0759091   -3.53508
0.5        0.0759091   -3.5821
0.533333   0.0759091   -3.36382
0.566667   0.0759091   -2.93838
0.6        0.0759091   -2.22892
0.633333   0.0759091   -1.19548
0.666667   0.0759091   0.013101
0.7        0.0759091   1.09741
0.733333   0.0759091   1.77838
0.766667   0.0759091   1.8406
0.8        0.0759091   1.22344
0.833333   0.0759091   0.162983
0.866667   0.0759091   -1.10581
0.9        0.0759091   -2.46701
0.933333   0.0759091   -3.807
0.966667   0.0759091   -4.91225
1          0.0759091   -5.58997
1.03333    0.0759091   -5.90438
1.06667    0.0759091   -5.84835
1.1        0.0759091   -5.38235
1.13333    0.0759091   -4.5085
1.16667    0.0759091   -3.21277
1.2        0.0759091   -1.85128
1.23333    0.0759091   -0.745389
1.26667    0.0759091   -0.134971
1.3        0.0759091   -0.0139893
1.33333    0.0759091   -0.475284
1.36667    0.0759091   -1.424
1.4        0.0759091   -2.49676
1.43333    0.0759091   -3.4199
1.46667    0.0759091   -4.2588
1.5        0.0759091   -5.07892
1.53333    0.0759091   -5.8748
1.56667    0.0759091   -6.52757
1.6        0.0759091   -6.95251
1.63333    0.0759091   -7.27837
1.66667    0.0759091   -7.67261
1.7        0.0759091   -8.13613
1.73333    0.0759091   -8.58717
1.76667    0.0759091   -8.91301
1.8        0.0759091   -9.00402
1.83333    0.0759091   -8.99438
1.86667    0.0759091   -9.23915
1.9        0.0759091   -9.70596
1.93333    0.0759091   -10.0903
1.96667    0.0759091   -9.99345
2          0.0759091   -9.46669
0          0.00742424  4.53243
0.0333333  0.00742424  4.79214
0.0666667  0.00742424  4.90294
0.1        0.00742424  5.0327
0.133333   0.00742424  5.29443
0.166667   0.00742424  5.74409
0.2        0.00742424  6.15239
0.233333   0.00742424  6.13234
0.266667   0.00742424  5.61424
0.3        0.00742424  4.83454
0.333333   0.00742424  3.97749
0.366667   0.00742424  3.11952
0.4        0.00742424  2.17273
0.433333   0.00742424  0.887696
0.466667   0.00742424  -0.984261
0.5        0.00742424  -3.03849
0.533333   0.00742424  -4.76323
0.566667   0.00742424  -5.65303
0.6        0.00742424  -5.43298
0.633333   0.00742424  -4.2804
0.666667   0.00742424  -2.59419
0.7        0.00742424  -0.984692
0.733333   0.00742424  0.468176
0.766667   0.00742424  1.52028
0.8        0.00742424  1.79198
0.833333   0.00742424  1.32475
0.866667   0.00742424  0.453176
0.9        0.00742424  -0.469445
0.933333   0.00742424  -1.29806
0.966667   0.00742424  -1.82464
1          0.00742424  -2.19187
1.03333    0.00742424  -2.47702
1.06667    0.00742424  -2.52303
1.1        0.00742424  -2.21242
1.13333    0.00742424  -1.36488
1.16667    0.00742424  0.220503
1.2        0.00742424  2.19633
1.23333    0.00742424  3.86993
1.26667    0.00742424  4.47107
1.3        0.00742424  3.86568
1.33333    0.00742424  2.0073
1.36667    0.00742424  -0.686298
1.4        0.00742424  -3.32951
1.43333    0.00742424  -5.4704
1.46667    0.00742424  -7.03082
1.5        0.00742424  -8.13859
1.53333    0.00742424  -9.08376
1.56667    0.00742424  -10.1907
1.6        0.00742424  -11.4076
1.63333    0.00742424  -12.3664
1.66667    0.00742424  -12.9168
1.7        0.00742424  -13.2122
1.73333    0.00742424  -13.6426
1.76667    0.00742424  -14.1818
1.8        0.00742424  -14.4539
1.83333    0.00742424  -14.1995
1.86667    0.00742424  -13.5124
1.9        0.00742424  -12.6628
1.93333    0.00742424  -11.9599
1.96667    0.00742424  -11.3709
2          0.00742424  -10.7957
